Accuracy params
(2, 0.5) --> [0.6533333333333333, 0.7133333333333334, 0.69, 0.76, 0.6866666666666666]
(0.125, 0.5) --> [0.64, 0.7166666666666667, 0.72, 0.75, 0.6966666666666667]
(2, 2) --> [0.6533333333333333, 0.7133333333333334, 0.69, 0.76, 0.6866666666666666]
(0.125, 2) --> [0.64, 0.7166666666666667, 0.72, 0.75, 0.6966666666666667]
(0.5, 0.5) --> [0.6466666666666666, 0.7166666666666667, 0.6966666666666667, 0.7566666666666667, 0.69]
(0.5, 2) --> [0.6466666666666666, 0.7166666666666667, 0.6966666666666667, 0.7566666666666667, 0.69]
List Median
0.69000, 0.71667, 0.69000, 0.71667, 0.69667, 0.69667,
 List Sdev
0.03530, 0.03655, 0.03530, 0.03655, 0.03588, 0.03588,

(0.125, 0.5) --> [0.64, 0.7166666666666667, 0.72, 0.75, 0.6966666666666667] 0.71667 0.03655
(0.125, 2) --> [0.64, 0.7166666666666667, 0.72, 0.75, 0.6966666666666667] 0.71667 0.3655


0.125 2
accuracy_list = [0.702177554438861, 0.704857621440536, 0.704857621440536, 0.717252931323283, 0.6961474036850921, 0.7001675041876047, 0.7088777219430485, 0.7068676716917923, 0.6974874371859296, 0.6958123953098827]
media accuracy = 0.7035
Desviacion standard = 0.0063 accuracy = 0.7035


accuracy_list = [0.699497487437186, 0.6941373534338359, 0.6984924623115578, 0.7108877721943049, 0.6924623115577889, 0.6911222780569515, 0.7088777219430485, 0.7028475711892798, 0.7011725293132328, 0.695142378559464]
media accuracy = 0.6990
Desviacion standard = 0.0063 accuracy = 0.6990
