Datos Ejercicio 3
Marco Moresi
===============================================================================================
Daisy L2    BOVW L2
accuracy_list = [
0.679, 0.668, 0.670, 0.677, 0.684, 0.685, 0.676, 0.669, 0.679, 0.680, 0.659, 0.671, 0.672, 0.677, 0.675, 0.673, 0.665, 0.661, 0.670, 0.675, 0.665, 0.680, 0.673, 0.680, 0.669, 0.677, 0.669, 0.668, 0.669, 0.664, 0.680, 0.667, 0.671, 0.673, 0.671, 0.674, 0.672, 0.670, 0.676, 0.672, 0.680, 0.670, 0.677, 0.675, 0.679, 0.667, 0.674, 0.672, 0.676, 0.666, 0.666, 0.677, 0.675, 0.683, 0.662, 0.675, 0.685, 0.679, 0.667, 0.661, 0.667, 0.677, 0.663, 0.658, 0.668, 0.681, 0.685, 0.673, 0.680, 0.672, 0.667, 0.676, 0.665, 0.682, 0.674, 0.678, 0.677, 0.664, 0.673, 0.676, 0.672, 0.665, 0.673, 0.679, 0.676, 0.675, 0.663, 0.672, 0.673, 0.680, 0.676, 0.671, 0.670, 0.669, 0.663, 0.678, 0.669, 0.672, 0.673, 0.666, 0.670, 0.673, 0.678, 0.664, 0.674, 0.675, 0.664, 0.681, 0.677, 0.674, 0.675, 0.671, 0.678, 0.669, 0.678, 0.675, 0.665, 0.673, 0.671, 0.672, 0.687, 0.669, 0.680, 0.679, 0.677, 0.687, 0.673, 0.685, 0.681, 0.685, 0.669, 0.678, 0.684, 0.692, 0.665, 0.677, 0.669, 0.684, 0.675, 0.677, 0.674, 0.686, 0.668, 0.673, 0.690, 0.666, 0.670, 0.680, 0.659, 0.677, 0.669, 0.671, 0.682, 0.676, 0.674, 0.671, 0.669, 0.670, 0.690, 0.656, 0.688, 0.682, 0.672, 0.675, 0.664, 0.676, 0.671, 0.679, 0.676, 0.678, 0.674, 0.682, 0.675, 0.677, 0.670, 0.669, 0.666, 0.665, 0.670, 0.684, 0.667, 0.672, 0.673, 0.683, 0.678, 0.677, 0.675, 0.679, 0.676, 0.670, 0.674, 0.677, 0.677, 0.681, 0.686, 0.663, 0.687, 0.680, 0.677, 0.680]
Desviacion standard = 0.0067 accuracy = 0.6740


===============================================================================================

DAISY L2 BOVW SQRT


list_C = [0.001, 0.01, 0.1, 1.0, 10.0, 100.0, 1000.0]
params_C = [
0.001: [0.6433333333333333, 0.66, 0.7033333333333334, 0.6766666666666666, 0.6433333333333333]
0.01: [0.6333333333333333, 0.6566666666666666, 0.6766666666666666, 0.62, 0.6266666666666667],
0.1: [0.5533333333333333, 0.6133333333333333, 0.6233333333333333, 0.59, 0.5666666666666667], 
1.0: [0.5133333333333333, 0.5733333333333334, 0.56, 0.5533333333333333, 0.54], 
10.0: [0.5033333333333333, 0.5533333333333333, 0.57, 0.57, 0.49333333333333335],
100.0: [0.5233333333333333, 0.5733333333333334, 0.5433333333333333, 0.5333333333333333, 0.51], 
1000.0: [0.49, 0.5833333333333334, 0.5433333333333333, 0.5666666666666667, 0.51]
]
list_median = [0.66000000000000003, 0.6333333333333333, 0.58999999999999997, 0.55333333333333334, 0.55333333333333334, 0.53333333333333333, 0.54333333333333333]

REFINO

params_C = [
 1e-05: [0.5, 0.5166666666666667, 0.5433333333333333, 0.5566666666666666, 0.5566666666666666],
 0.0001: [0.6366666666666667, 0.64, 0.63, 0.65, 0.6533333333333333], 
 0.001: [0.6466666666666666, 0.6666666666666666, 0.6566666666666666, 0.6833333333333333, 0.6833333333333333]
 0.01: [0.59, 0.6333333333333333, 0.6466666666666666, 0.6166666666666667, 0.65], 
 ]
list_median = {} [0.54333333333333333, 0.64000000000000001, 0.66666666666666663, 0.6333333333333333]

accuracy_list = [0.6840871021775544, 0.6958123953098827, 0.6954773869346733, 0.6911222780569515, 0.6814070351758794, 0.6917922948073701, 0.6864321608040201, 0.6944723618090453, 0.6924623115577889, 0.6904522613065327, 0.695142378559464, 0.6941373534338359, 0.6971524288107203, 0.6954773869346733, 0.6917922948073701, 0.6901172529313233, 0.6844221105527638, 0.7008375209380234, 0.6974874371859296, 0.6984924623115578, 0.6840871021775544, 0.7015075376884422, 0.6901172529313233, 0.6763819095477387, 0.6934673366834171, 0.6988274706867672, 0.695142378559464, 0.6850921273031826, 0.688107202680067, 0.6793969849246231, 0.6914572864321608, 0.6998324958123953, 0.6981574539363484, 0.6777219430485762, 0.6800670016750419, 0.7011725293132328, 0.6797319932998325, 0.6834170854271356, 0.688107202680067, 0.6991624790619766, 0.6948073701842546, 0.6884422110552764, 0.6763819095477387, 0.6934673366834171, 0.6874371859296482, 0.7082077051926298, 0.6911222780569515, 0.6894472361809045, 0.6834170854271356, 0.6884422110552764, 0.6961474036850921, 0.6820770519262982, 0.6894472361809045, 0.6968174204355109, 0.6897822445561139, 0.6887772194304858, 0.6824120603015076, 0.6924623115577889, 0.6991624790619766, 0.700502512562814, 0.6884422110552764, 0.6871021775544388, 0.6941373534338359, 0.6988274706867672, 0.6773869346733669, 0.6894472361809045, 0.700502512562814, 0.688107202680067, 0.6897822445561139, 0.6891122278056951, 0.6911222780569515, 0.682747068676717, 0.6988274706867672, 0.6958123953098827, 0.6824120603015076, 0.6897822445561139, 0.6874371859296482, 0.6964824120603015, 0.6911222780569515, 0.6998324958123953, 0.6927973199329983, 0.695142378559464, 0.6907872696817421, 0.685427135678392, 0.6857621440536014, 0.6877721943048576, 0.7008375209380234, 0.6911222780569515, 0.6934673366834171, 0.6864321608040201, 0.688107202680067, 0.6817420435510888, 0.6958123953098827, 0.682747068676717, 0.683752093802345, 0.6891122278056951, 0.6834170854271356, 0.6844221105527638, 0.6931323283082077, 0.6901172529313233, 0.6927973199329983, 0.6968174204355109, 0.6941373534338359, 0.6964824120603015, 0.6961474036850921, 0.688107202680067, 0.6964824120603015, 0.6867671691792295, 0.6824120603015076, 0.6884422110552764, 0.6964824120603015, 0.6934673366834171, 0.6927973199329983, 0.6927973199329983, 0.6971524288107203, 0.700502512562814, 0.68107202680067, 0.6911222780569515, 0.6917922948073701, 0.6830820770519263, 0.6904522613065327, 0.6844221105527638, 0.699497487437186, 0.6820770519262982, 0.688107202680067, 0.6907872696817421, 0.6857621440536014, 0.688107202680067, 0.6700167504187605, 0.6984924623115578, 0.6934673366834171, 0.6988274706867672, 0.695142378559464, 0.685427135678392, 0.6917922948073701, 0.6924623115577889, 0.6857621440536014, 0.6797319932998325, 0.697822445561139, 0.6857621440536014, 0.6961474036850921, 0.682747068676717, 0.6927973199329983, 0.6954773869346733, 0.6894472361809045, 0.6871021775544388, 0.6948073701842546, 0.6917922948073701, 0.6867671691792295, 0.6954773869346733, 0.6884422110552764, 0.6991624790619766, 0.697822445561139, 0.6857621440536014, 0.685427135678392, 0.695142378559464, 0.6857621440536014, 0.6840871021775544, 0.6871021775544388, 0.6941373534338359, 0.6917922948073701, 0.6817420435510888, 0.695142378559464, 0.7051926298157454, 0.7041876046901172, 0.6948073701842546, 0.6897822445561139, 0.6877721943048576, 0.700502512562814, 0.6800670016750419, 0.6874371859296482, 0.6938023450586265, 0.6921273031825795, 0.6864321608040201, 0.6924623115577889, 0.6844221105527638, 0.6844221105527638, 0.688107202680067, 0.6777219430485762, 0.6927973199329983, 0.6894472361809045, 0.6840871021775544, 0.68107202680067, 0.6914572864321608, 0.6901172529313233, 0.6968174204355109, 0.6887772194304858, 0.6941373534338359, 0.6924623115577889, 0.6901172529313233, 0.6891122278056951, 0.6954773869346733, 0.6901172529313233, 0.6911222780569515, 0.6807370184254606, 0.7008375209380234, 0.6941373534338359, 0.6894472361809045, 0.6931323283082077, 0.6864321608040201]
media accuracy = 0.6908
Desviacion standard = 0.0063 accuracy = 0.6908


===============================================================================================
Daisy L2 Bovw SQRTL2
params_C = [
0.001: [0.52, 0.5866666666666667, 0.5733333333333334, 0.5166666666666667, 0.5833333333333334],
0.01: [0.6233333333333333, 0.6533333333333333, 0.68, 0.58, 0.66],
0.1: [0.6566666666666666, 0.7166666666666667, 0.7233333333333334, 0.61, 0.7233333333333334],
1.0: [0.6166666666666667, 0.7, 0.7166666666666667, 0.6033333333333334, 0.7566666666666667],
10.0: [0.58, 0.63, 0.6466666666666666, 0.55, 0.69],
100.0: [0.5433333333333333, 0.5966666666666667, 0.5833333333333334, 0.5133333333333333, 0.5933333333333334],
1000.0: [0.5266666666666666, 0.5566666666666666, 0.57, 0.52, 0.63]
]
list_median = [0.57333333333333336, 0.65333333333333332, 0.71666666666666667, 0.69999999999999996, 0.63, 0.58333333333333337, 0.55666666666666664]


C = 0.1

#############################################################
accuracy_list = [0.6850921273031826, 0.6927973199329983, 0.6887772194304858, 0.7018425460636516, 0.6984924623115578, 0.6907872696817421, 0.6941373534338359, 0.7041876046901172, 0.6944723618090453, 0.700502512562814, 0.6958123953098827, 0.6988274706867672, 0.7055276381909548, 0.6998324958123953, 0.6924623115577889, 0.6887772194304858, 0.6934673366834171, 0.7035175879396985, 0.6891122278056951, 0.6867671691792295, 0.6877721943048576, 0.6917922948073701, 0.685427135678392, 0.6944723618090453, 0.6984924623115578, 0.6904522613065327, 0.7035175879396985, 0.6904522613065327, 0.6917922948073701, 0.6981574539363484, 0.6988274706867672, 0.7075376884422111, 0.700502512562814, 0.6927973199329983, 0.6901172529313233, 0.6894472361809045, 0.697822445561139, 0.7008375209380234, 0.6998324958123953, 0.6971524288107203, 0.6901172529313233, 0.6961474036850921, 0.7028475711892798, 0.6971524288107203, 0.7031825795644892, 0.700502512562814, 0.6948073701842546, 0.7011725293132328, 0.6897822445561139, 0.7001675041876047, 0.7008375209380234, 0.7028475711892798, 0.6927973199329983, 0.6887772194304858, 0.6988274706867672, 0.7001675041876047, 0.7015075376884422, 0.6901172529313233, 0.6964824120603015, 0.6961474036850921, 0.6968174204355109, 0.6968174204355109, 0.6988274706867672, 0.6871021775544388, 0.6924623115577889, 0.6988274706867672, 0.6954773869346733, 0.6877721943048576, 0.700502512562814, 0.7018425460636516, 0.6877721943048576, 0.6934673366834171, 0.6964824120603015, 0.6917922948073701, 0.7072026800670017, 0.6864321608040201, 0.7068676716917923, 0.697822445561139, 0.6998324958123953, 0.6901172529313233, 0.7038525963149078, 0.6941373534338359, 0.6988274706867672, 0.7001675041876047, 0.6948073701842546, 0.6964824120603015, 0.6964824120603015, 0.6984924623115578, 0.7028475711892798, 0.7011725293132328, 0.6938023450586265, 0.6907872696817421, 0.6884422110552764, 0.6911222780569515, 0.700502512562814, 0.7008375209380234, 0.7061976549413735, 0.6968174204355109, 0.6971524288107203, 0.7001675041876047, 0.7011725293132328, 0.6954773869346733, 0.697822445561139, 0.6934673366834171, 0.697822445561139, 0.6961474036850921, 0.6907872696817421, 0.6958123953098827, 0.6938023450586265, 0.7045226130653266, 0.6981574539363484, 0.7011725293132328, 0.6954773869346733, 0.6961474036850921, 0.6894472361809045, 0.6954773869346733, 0.7061976549413735, 0.6971524288107203, 0.7011725293132328, 0.6998324958123953, 0.6958123953098827, 0.6961474036850921, 0.6887772194304858, 0.6927973199329983, 0.702177554438861, 0.7015075376884422, 0.6911222780569515, 0.6998324958123953, 0.7061976549413735, 0.6981574539363484, 0.697822445561139, 0.7008375209380234, 0.6991624790619766, 0.6958123953098827, 0.6971524288107203, 0.6944723618090453, 0.6941373534338359, 0.7008375209380234, 0.6907872696817421, 0.6934673366834171, 0.6931323283082077, 0.700502512562814, 0.6964824120603015, 0.6891122278056951, 0.6911222780569515, 0.697822445561139, 0.6917922948073701, 0.6974874371859296, 0.6954773869346733, 0.6958123953098827, 0.6948073701842546, 0.6948073701842546, 0.702177554438861, 0.6961474036850921, 0.7018425460636516, 0.697822445561139, 0.6984924623115578, 0.695142378559464, 0.7055276381909548, 0.704857621440536, 0.6954773869346733, 0.6961474036850921, 0.688107202680067, 0.6874371859296482, 0.6938023450586265, 0.6948073701842546, 0.6971524288107203, 0.6894472361809045, 0.6988274706867672, 0.6944723618090453, 0.6927973199329983, 0.7008375209380234, 0.6897822445561139, 0.6998324958123953, 0.6954773869346733, 0.6894472361809045, 0.6941373534338359, 0.6894472361809045, 0.6998324958123953, 0.6884422110552764, 0.6914572864321608, 0.6941373534338359, 0.6877721943048576, 0.700502512562814, 0.7018425460636516, 0.6968174204355109, 0.699497487437186, 0.6961474036850921, 0.68107202680067, 0.6871021775544388, 0.6971524288107203, 0.6901172529313233, 0.6934673366834171, 0.6847571189279732, 0.6938023450586265, 0.6958123953098827, 0.6904522613065327, 0.6941373534338359, 0.688107202680067, 0.6941373534338359]
media accuracy = 0.6961
Desviacion standard = 0.0051 accuracy = 0.6961



===============================================================================================
Daisy sqrt BOVW L2
list_C = [0.001, 0.01, 0.1, 1.0, 10.0, 100.0, 1000.0]
params_C = [
0.001: [0.41, 0.34, 0.44666666666666666, 0.34, 0.47333333333333333]
0.01: [0.44, 0.47333333333333333, 0.5133333333333333, 0.41333333333333333, 0.5233333333333333],
0.1: [0.5066666666666667, 0.5833333333333334, 0.6266666666666667, 0.5466666666666666, 0.5666666666666667],
1.0: [0.5733333333333334, 0.6366666666666667, 0.6666666666666666, 0.5733333333333334, 0.6333333333333333],
10.0: [0.5766666666666667, 0.61, 0.6133333333333333, 0.5766666666666667, 0.5766666666666667],
100.0: [0.5433333333333333, 0.5766666666666667, 0.57, 0.5366666666666666, 0.5266666666666666],
1000.0: [0.54, 0.5466666666666666, 0.53, 0.5066666666666667, 0.5]
]

list_median = [0.40999999999999998, 0.47333333333333333, 0.56666666666666665, 0.6333333333333333, 0.57666666666666666, 0.54333333333333333, 0.53000000000000003]


C = 1

#############################################################################

accuracy_list = [0.6298157453936348, 0.6224455611390285, 0.6244556113902847, 0.6288107202680067, 0.6341708542713568, 0.6398659966499163, 0.6345058626465662, 0.6321608040201006, 0.6368509212730318, 0.6211055276381909, 0.6298157453936348, 0.6271356783919598, 0.6231155778894473, 0.6127303182579564, 0.6368509212730318, 0.6144053601340034, 0.629145728643216, 0.6402010050251257, 0.630820770519263, 0.6288107202680067, 0.623785594639866, 0.6201005025125628, 0.6418760469011725, 0.6405360134003351, 0.6294807370184254, 0.6187604690117253, 0.6328308207705192, 0.6338358458961474, 0.6388609715242881, 0.6328308207705192, 0.629145728643216, 0.6241206030150753, 0.6294807370184254, 0.6435510887772194, 0.6345058626465662, 0.6278056951423786, 0.626465661641541, 0.6224455611390285, 0.6247906197654941, 0.6304857621440536, 0.6211055276381909, 0.6368509212730318, 0.6321608040201006, 0.6304857621440536, 0.6311557788944724, 0.6211055276381909, 0.6268006700167504, 0.6314907872696818, 0.6204355108877722, 0.63785594639866, 0.6365159128978225, 0.6251256281407035, 0.63785594639866, 0.628140703517588, 0.6324958123953098, 0.6341708542713568, 0.6288107202680067, 0.6298157453936348, 0.6381909547738693, 0.6318257956448912, 0.6214405360134003, 0.6304857621440536, 0.6405360134003351, 0.6328308207705192, 0.6355108877721943, 0.6234505862646567, 0.6294807370184254, 0.6257956448911223, 0.6247906197654941, 0.6271356783919598, 0.6402010050251257, 0.6318257956448912, 0.6204355108877722, 0.626465661641541, 0.6341708542713568, 0.6301507537688442, 0.6324958123953098, 0.6371859296482412, 0.6324958123953098, 0.6338358458961474, 0.6278056951423786, 0.6432160804020101, 0.6415410385259631, 0.6241206030150753, 0.6338358458961474, 0.6345058626465662, 0.6365159128978225, 0.6201005025125628, 0.6351758793969849, 0.629145728643216, 0.6278056951423786, 0.633500837520938, 0.6268006700167504, 0.633500837520938, 0.6221105527638191, 0.6311557788944724, 0.6271356783919598, 0.6311557788944724, 0.6371859296482412, 0.6184254606365159, 0.6174204355108878, 0.6301507537688442, 0.6435510887772194, 0.6341708542713568, 0.6251256281407035, 0.6144053601340034, 0.6311557788944724, 0.6355108877721943, 0.6274706867671692, 0.6261306532663317, 0.6268006700167504, 0.6271356783919598, 0.6341708542713568, 0.6204355108877722, 0.6304857621440536, 0.6278056951423786, 0.6328308207705192, 0.6361809045226131, 0.6254606365159129, 0.6271356783919598, 0.6442211055276382, 0.6368509212730318, 0.6324958123953098, 0.6304857621440536, 0.63785594639866, 0.6371859296482412, 0.6351758793969849, 0.6351758793969849, 0.6261306532663317, 0.6268006700167504, 0.6345058626465662, 0.6338358458961474, 0.6204355108877722, 0.6375209380234506, 0.6324958123953098, 0.6452261306532663, 0.6278056951423786, 0.6405360134003351, 0.6304857621440536, 0.6348408710217756, 0.6204355108877722, 0.63785594639866, 0.6388609715242881, 0.6348408710217756, 0.6368509212730318, 0.6251256281407035, 0.6338358458961474, 0.6314907872696818, 0.626465661641541, 0.6294807370184254, 0.6385259631490787, 0.6415410385259631, 0.6251256281407035, 0.6261306532663317, 0.6190954773869347, 0.6341708542713568, 0.6415410385259631, 0.6355108877721943, 0.6398659966499163, 0.6324958123953098, 0.6368509212730318, 0.6201005025125628, 0.6341708542713568, 0.6257956448911223, 0.6368509212730318, 0.6231155778894473, 0.6345058626465662, 0.6274706867671692, 0.6324958123953098, 0.6391959798994975, 0.6284757118927973, 0.6388609715242881, 0.6274706867671692, 0.6241206030150753, 0.6234505862646567, 0.6412060301507537, 0.623785594639866, 0.6338358458961474, 0.6395309882747069, 0.6254606365159129, 0.6278056951423786, 0.6164154103852596, 0.6207705192629815, 0.633500837520938, 0.6361809045226131, 0.6294807370184254, 0.6321608040201006, 0.6318257956448912, 0.6274706867671692, 0.6227805695142379, 0.6381909547738693, 0.6288107202680067, 0.6345058626465662, 0.6415410385259631, 0.6301507537688442, 0.6321608040201006, 0.63785594639866, 0.6314907872696818, 0.6368509212730318, 0.630820770519263]
media accuracy = 0.6312
Desviacion standard = 0.0065 accuracy = 0.6312

===============================================================================================
Daisy SQRT BoVW SQRT

list_C = [0.001, 0.01, 0.1, 1.0, 10.0, 100.0, 1000.0]

params_C =
[
0.001: [0.66, 0.66, 0.6733333333333333, 0.6233333333333333, 0.6266666666666667],
0.01: [0.6233333333333333, 0.62, 0.62, 0.5866666666666667, 0.56],
0.1: [0.5533333333333333, 0.56, 0.54, 0.5033333333333333, 0.5166666666666667], 
1.0: [0.53, 0.5166666666666667, 0.48, 0.4766666666666667, 0.4766666666666667],
10.0: [0.52, 0.5066666666666667, 0.49, 0.4633333333333333, 0.4866666666666667],
100.0: [0.5, 0.5166666666666667, 0.4766666666666667, 0.4633333333333333, 0.4766666666666667], 
1000.0: [0.5166666666666667, 0.5066666666666667, 0.5066666666666667, 0.47, 0.48]
]

list_median = [0.660, 0.62, 0.54, 0.479, 0.489, 0.476, 0.506]

Refino
list_C = [0.00001, 0.0001, 0.001, 0.01]
params_C = [
1e-05: [0.59, 0.5, 0.45, 0.49333333333333335, 0.5066666666666667],
0.0001: [0.6366666666666667, 0.57, 0.56, 0.6233333333333333, 0.6233333333333333],
0.001: [0.6633333333333333, 0.5766666666666667, 0.5866666666666667, 0.6566666666666666, 0.66],
0.01: [0.6333333333333333, 0.5633333333333334, 0.5766666666666667, 0.6233333333333333, 0.61]
]
list_median = [0.5, 0.62333333333333329, 0.65666666666666662, 0.60999999999999999]


################################################################
C 0.001
#################################################################
accuracy_list = [0.647571189279732, 0.6274706867671692, 0.626465661641541, 0.633500837520938, 0.6278056951423786, 0.6318257956448912, 0.6395309882747069, 0.6398659966499163, 0.6341708542713568, 0.6365159128978225, 0.6365159128978225, 0.6207705192629815, 0.6247906197654941, 0.6254606365159129, 0.6268006700167504, 0.6331658291457286, 0.626465661641541, 0.6351758793969849, 0.6341708542713568, 0.6361809045226131, 0.6318257956448912, 0.6371859296482412, 0.6345058626465662, 0.6207705192629815, 0.6328308207705192, 0.6438860971524288, 0.630820770519263, 0.6311557788944724, 0.6345058626465662, 0.6321608040201006, 0.6361809045226131, 0.626465661641541, 0.6402010050251257, 0.6361809045226131, 0.6298157453936348, 0.6254606365159129, 0.623785594639866, 0.6221105527638191, 0.6261306532663317, 0.6331658291457286, 0.6274706867671692, 0.6351758793969849, 0.6274706867671692, 0.6294807370184254, 0.6348408710217756, 0.6304857621440536, 0.6345058626465662, 0.6321608040201006, 0.6445561139028476, 0.6341708542713568, 0.6324958123953098, 0.6177554438860972, 0.6274706867671692, 0.6278056951423786, 0.6341708542713568, 0.630820770519263, 0.6358458961474037, 0.6294807370184254, 0.6241206030150753, 0.6190954773869347, 0.6187604690117253, 0.6321608040201006, 0.6348408710217756, 0.6294807370184254, 0.6294807370184254, 0.6304857621440536, 0.633500837520938, 0.6284757118927973, 0.6257956448911223, 0.6288107202680067, 0.626465661641541, 0.6321608040201006, 0.6080402010050251, 0.6241206030150753, 0.6164154103852596, 0.6298157453936348, 0.6314907872696818, 0.633500837520938, 0.6268006700167504, 0.6174204355108878, 0.6328308207705192, 0.6385259631490787, 0.6381909547738693, 0.6438860971524288, 0.6274706867671692, 0.6412060301507537, 0.6415410385259631, 0.6227805695142379, 0.6278056951423786, 0.6345058626465662, 0.633500837520938, 0.6318257956448912, 0.6324958123953098, 0.6247906197654941, 0.6422110552763819, 0.6341708542713568, 0.6361809045226131, 0.6355108877721943, 0.6261306532663317, 0.629145728643216, 0.628140703517588, 0.623785594639866, 0.6257956448911223, 0.6257956448911223, 0.6355108877721943, 0.6375209380234506, 0.6271356783919598, 0.6355108877721943, 0.626465661641541, 0.6231155778894473, 0.6341708542713568, 0.6234505862646567, 0.6331658291457286, 0.6361809045226131, 0.6311557788944724, 0.6294807370184254, 0.6328308207705192, 0.6361809045226131, 0.6432160804020101, 0.6301507537688442, 0.630820770519263, 0.6241206030150753, 0.6231155778894473, 0.63785594639866, 0.6438860971524288, 0.6422110552763819, 0.630820770519263, 0.6489112227805696, 0.6311557788944724, 0.6388609715242881, 0.6261306532663317, 0.6381909547738693, 0.6314907872696818, 0.6254606365159129, 0.6298157453936348, 0.6278056951423786, 0.6395309882747069, 0.6415410385259631, 0.6388609715242881, 0.6368509212730318, 0.6341708542713568, 0.6217755443886097, 0.6261306532663317, 0.63785594639866, 0.6324958123953098, 0.6214405360134003, 0.6355108877721943, 0.6261306532663317, 0.644891122278057, 0.6261306532663317, 0.628140703517588, 0.6408710217755443, 0.6472361809045226, 0.6324958123953098, 0.6445561139028476, 0.6278056951423786, 0.6402010050251257, 0.6271356783919598, 0.6358458961474037, 0.6244556113902847, 0.6314907872696818, 0.629145728643216, 0.6328308207705192, 0.6358458961474037, 0.6174204355108878, 0.6351758793969849, 0.6221105527638191, 0.6355108877721943, 0.616750418760469, 0.6301507537688442, 0.629145728643216, 0.6314907872696818, 0.6388609715242881, 0.6251256281407035, 0.6408710217755443, 0.6341708542713568, 0.63785594639866, 0.6432160804020101, 0.6261306532663317, 0.6318257956448912, 0.6314907872696818, 0.6321608040201006, 0.6355108877721943, 0.6211055276381909, 0.6268006700167504, 0.6388609715242881, 0.6328308207705192, 0.6217755443886097, 0.6294807370184254, 0.6311557788944724, 0.6375209380234506, 0.6432160804020101, 0.6381909547738693, 0.6257956448911223, 0.6375209380234506, 0.6341708542713568, 0.6274706867671692, 0.630820770519263, 0.6351758793969849, 0.6174204355108878]
media accuracy = 0.6318
Desviacion standard = 0.0067 accuracy = 0.6318


===============================================================================================
Daisy SQRT Bovw SQRTl2

params_C = [
0.001: [0.5233333333333333, 0.58, 0.44, 0.5166666666666667, 0.5]
0.01: [0.6, 0.64, 0.5666666666666667, 0.6366666666666667, 0.5733333333333334],
0.1: [0.64, 0.6933333333333334, 0.62, 0.6966666666666667, 0.64],
1.0: [0.6433333333333333, 0.69, 0.6, 0.67, 0.61],
10.0: [0.62, 0.6266666666666667, 0.5733333333333334, 0.6333333333333333, 0.59],
100.0: [0.59, 0.5833333333333334, 0.52, 0.5966666666666667, 0.5666666666666667],
1000.0: [0.5733333333333334, 0.5766666666666667, 0.5033333333333333, 0.59, 0.5433333333333333],
]
list_median = {} [0.51666666666666672, 0.59999999999999998, 0.64000000000000001, 0.64333333333333331, 0.62, 0.58333333333333337, 0.57333333333333336]


C = 1

########################################################################3333##

accuracy_list = [0.6331658291457286, 0.6221105527638191, 0.6341708542713568, 0.6395309882747069, 0.6318257956448912, 0.6358458961474037, 0.6395309882747069, 0.6338358458961474, 0.6492462311557788, 0.6489112227805696, 0.6408710217755443, 0.6469011725293132, 0.6321608040201006, 0.6428810720268007, 0.6422110552763819, 0.6412060301507537, 0.6398659966499163, 0.6455611390284757, 0.6355108877721943, 0.6455611390284757, 0.6361809045226131, 0.6462311557788945, 0.6458961474036851, 0.6428810720268007, 0.6298157453936348, 0.6482412060301508, 0.6288107202680067, 0.6251256281407035, 0.647571189279732, 0.6381909547738693, 0.6257956448911223, 0.6348408710217756, 0.6375209380234506, 0.6381909547738693, 0.6418760469011725, 0.6368509212730318, 0.6385259631490787, 0.6338358458961474, 0.6536013400335008, 0.630820770519263, 0.6418760469011725, 0.6435510887772194, 0.6472361809045226, 0.6341708542713568, 0.63785594639866, 0.633500837520938, 0.6348408710217756, 0.6458961474036851, 0.6371859296482412, 0.6455611390284757, 0.63785594639866, 0.6385259631490787, 0.6311557788944724, 0.6415410385259631, 0.6371859296482412, 0.6371859296482412, 0.6415410385259631, 0.6217755443886097, 0.6388609715242881, 0.6324958123953098, 0.6318257956448912, 0.6368509212730318, 0.6351758793969849, 0.6355108877721943, 0.6425460636515913, 0.6412060301507537, 0.650251256281407, 0.6418760469011725, 0.628140703517588, 0.6412060301507537, 0.6314907872696818, 0.6458961474036851, 0.6301507537688442, 0.6458961474036851, 0.6345058626465662, 0.6405360134003351, 0.6358458961474037, 0.6254606365159129, 0.6361809045226131, 0.6418760469011725, 0.6398659966499163, 0.6395309882747069, 0.6368509212730318, 0.6428810720268007, 0.6314907872696818, 0.6489112227805696, 0.6331658291457286, 0.6428810720268007, 0.6442211055276382, 0.6381909547738693, 0.6361809045226131, 0.6358458961474037, 0.6385259631490787, 0.6345058626465662, 0.6391959798994975, 0.6485762144053602, 0.6445561139028476, 0.6455611390284757, 0.6395309882747069, 0.6348408710217756, 0.647571189279732, 0.6351758793969849, 0.6418760469011725, 0.6361809045226131, 0.6348408710217756, 0.6442211055276382, 0.644891122278057, 0.628140703517588, 0.6398659966499163, 0.6311557788944724, 0.6351758793969849, 0.6358458961474037, 0.6358458961474037, 0.6415410385259631, 0.644891122278057, 0.6415410385259631, 0.6368509212730318, 0.6455611390284757, 0.6445561139028476, 0.6539363484087102, 0.6371859296482412, 0.6321608040201006, 0.644891122278057, 0.6462311557788945, 0.6358458961474037, 0.6328308207705192, 0.6294807370184254, 0.6244556113902847, 0.630820770519263, 0.6375209380234506, 0.6515912897822446, 0.633500837520938, 0.6395309882747069, 0.6318257956448912, 0.6415410385259631, 0.6405360134003351, 0.6345058626465662, 0.628140703517588, 0.6522613065326633, 0.6509212730318258, 0.647571189279732, 0.630820770519263, 0.6328308207705192, 0.6351758793969849, 0.6499162479061976, 0.6375209380234506, 0.6314907872696818, 0.6385259631490787, 0.6455611390284757, 0.6472361809045226, 0.6435510887772194, 0.63785594639866, 0.6442211055276382, 0.6509212730318258, 0.6562814070351759, 0.6398659966499163, 0.6542713567839196, 0.6462311557788945, 0.6422110552763819, 0.6405360134003351, 0.6391959798994975, 0.6472361809045226, 0.6288107202680067, 0.6388609715242881, 0.6341708542713568, 0.6375209380234506, 0.6355108877721943, 0.6314907872696818, 0.6368509212730318, 0.6321608040201006, 0.6241206030150753, 0.6455611390284757, 0.6311557788944724, 0.6304857621440536, 0.6422110552763819, 0.6351758793969849, 0.6278056951423786, 0.6405360134003351, 0.6469011725293132, 0.6432160804020101, 0.6385259631490787, 0.6402010050251257, 0.6418760469011725, 0.6381909547738693, 0.6368509212730318, 0.6391959798994975, 0.6345058626465662, 0.6505862646566164, 0.6338358458961474, 0.626465661641541, 0.6385259631490787, 0.6395309882747069, 0.6304857621440536, 0.6452261306532663, 0.6415410385259631, 0.630820770519263, 0.6408710217755443, 0.6241206030150753, 0.6458961474036851, 0.6388609715242881]
media accuracy = 0.6385
Desviacion standard = 0.0067 accuracy = 0.6385

===============================================================================================
Daisy SQRT+L2 BoVW L2
params_C = [
0.001: [0.43666666666666665, 0.42, 0.45666666666666667, 0.4033333333333333, 0.44],
0.01: [0.5233333333333333, 0.4533333333333333, 0.52, 0.48333333333333334, 0.4866666666666667], 
0.1: [0.62, 0.5833333333333334, 0.6066666666666667, 0.57, 0.5766666666666667],
1.0: [0.6766666666666666, 0.64, 0.6566666666666666, 0.65, 0.6266666666666667],
10.0: [0.6466666666666666, 0.62, 0.6666666666666666, 0.6233333333333333, 0.5933333333333334],
100.0: [0.5933333333333334, 0.5766666666666667, 0.62, 0.5533333333333333, 0.5266666666666666], 1000.0: [0.5833333333333334, 0.55, 0.5766666666666667, 0.53, 0.49333333333333335]
]

list_median = {} [0.43666666666666665, 0.48666666666666669, 0.58333333333333337, 0.65000000000000002, 0.62333333333333329, 0.57666666666666666, 0.55000000000000004]



C = 1 
#######################################################################################

accuracy_list = [0.6830820770519263, 0.6753768844221105, 0.6927973199329983, 0.6800670016750419, 0.6760469011725293, 0.6726968174204355, 0.6807370184254606, 0.6737018425460637, 0.6666666666666666, 0.6757118927973199, 0.6726968174204355, 0.6874371859296482, 0.6800670016750419, 0.6673366834170854, 0.6733668341708543, 0.6804020100502512, 0.6874371859296482, 0.6800670016750419, 0.6891122278056951, 0.6740368509212731, 0.6824120603015076, 0.6927973199329983, 0.6864321608040201, 0.6733668341708543, 0.6793969849246231, 0.6733668341708543, 0.6777219430485762, 0.6767169179229481, 0.6753768844221105, 0.6703517587939698, 0.6850921273031826, 0.6683417085427136, 0.6723618090452261, 0.6737018425460637, 0.6740368509212731, 0.6733668341708543, 0.678391959798995, 0.667001675041876, 0.6676716917922948, 0.6804020100502512, 0.6793969849246231, 0.668676716917923, 0.6716917922948074, 0.6757118927973199, 0.6659966499162479, 0.6753768844221105, 0.6817420435510888, 0.678391959798995, 0.668676716917923, 0.6559463986599665, 0.6790619765494137, 0.68107202680067, 0.6814070351758794, 0.6790619765494137, 0.6696817420435511, 0.6753768844221105, 0.6830820770519263, 0.6773869346733669, 0.6817420435510888, 0.6820770519262982, 0.6850921273031826, 0.6844221105527638, 0.685427135678392, 0.6747068676716917, 0.6847571189279732, 0.6897822445561139, 0.6830820770519263, 0.6716917922948074, 0.6817420435510888, 0.6874371859296482, 0.6814070351758794, 0.6797319932998325, 0.6753768844221105, 0.6814070351758794, 0.6753768844221105, 0.6874371859296482, 0.6716917922948074, 0.6700167504187605, 0.6757118927973199, 0.6716917922948074, 0.6659966499162479, 0.6770519262981575, 0.6807370184254606, 0.682747068676717, 0.6777219430485762, 0.6824120603015076, 0.688107202680067, 0.6820770519262982, 0.678391959798995, 0.6777219430485762, 0.6817420435510888, 0.6793969849246231, 0.6750418760469011, 0.6720268006700167, 0.6824120603015076, 0.6730318257956449, 0.6807370184254606, 0.6716917922948074, 0.6894472361809045, 0.6857621440536014, 0.6767169179229481, 0.678391959798995, 0.6760469011725293, 0.682747068676717, 0.6780569514237856, 0.6887772194304858, 0.6753768844221105, 0.6834170854271356, 0.6834170854271356, 0.6817420435510888, 0.6763819095477387, 0.68107202680067, 0.6830820770519263, 0.6757118927973199, 0.688107202680067, 0.6804020100502512, 0.6850921273031826, 0.6924623115577889, 0.6703517587939698, 0.668676716917923, 0.682747068676717, 0.6857621440536014, 0.6817420435510888, 0.6797319932998325, 0.6800670016750419, 0.6690117252931324, 0.6884422110552764, 0.6703517587939698, 0.6834170854271356, 0.6817420435510888, 0.6703517587939698, 0.6777219430485762, 0.6770519262981575, 0.6730318257956449, 0.6740368509212731, 0.6840871021775544, 0.6676716917922948, 0.6860971524288108, 0.6857621440536014, 0.6730318257956449, 0.6797319932998325, 0.6680067001675042, 0.671356783919598, 0.6753768844221105, 0.6696817420435511, 0.6797319932998325, 0.6830820770519263, 0.6723618090452261, 0.6800670016750419, 0.6760469011725293, 0.6871021775544388, 0.6877721943048576, 0.6814070351758794, 0.6767169179229481, 0.6934673366834171, 0.6663316582914572, 0.683752093802345, 0.6750418760469011, 0.6817420435510888, 0.6760469011725293, 0.661641541038526, 0.682747068676717, 0.6874371859296482, 0.6800670016750419, 0.668676716917923, 0.6850921273031826, 0.6706867671691792, 0.682747068676717, 0.6780569514237856, 0.6663316582914572, 0.6763819095477387, 0.6840871021775544, 0.6807370184254606, 0.6673366834170854, 0.6807370184254606, 0.6844221105527638, 0.6850921273031826, 0.6720268006700167, 0.688107202680067, 0.6904522613065327, 0.6773869346733669, 0.6787269681742043, 0.6840871021775544, 0.6649916247906198, 0.6800670016750419, 0.6834170854271356, 0.6747068676716917, 0.6683417085427136, 0.685427135678392, 0.6857621440536014, 0.6753768844221105, 0.6824120603015076, 0.6753768844221105, 0.6747068676716917, 0.6820770519262982, 0.6696817420435511, 0.6720268006700167, 0.6706867671691792, 0.6743718592964824, 0.683752093802345]
media accuracy = 0.6789
Desviacion standard = 0.0066 accuracy = 0.6789

===============================================================================================
Daisy SQRTL2 BOVW SQRT
params_C = [
0.001: [0.6766666666666666, 0.6666666666666666, 0.72, 0.6433333333333333, 0.6966666666666667]
0.01: [0.6233333333333333, 0.6333333333333333, 0.6466666666666666, 0.6133333333333333, 0.6366666666666667],
0.1: [0.5566666666666666, 0.56, 0.6266666666666667, 0.5333333333333333, 0.56],
1.0: [0.53, 0.5466666666666666, 0.58, 0.5066666666666667, 0.5233333333333333],
10.0: [0.53, 0.5466666666666666, 0.5666666666666667, 0.5, 0.5],
100.0: [0.55, 0.5466666666666666, 0.5533333333333333, 0.5066666666666667, 0.5],
1000.0: [0.5566666666666666, 0.53, 0.5733333333333334, 0.5066666666666667, 0.5066666666666667]
]

list_median = {} [0.67666666666666664, 0.6333333333333333, 0.56000000000000005, 0.53000000000000003, 0.53000000000000003, 0.54666666666666663, 0.53000000000000003]

C = 0.001


##############################################################

accuracy_list = [0.6787269681742043, 0.685427135678392, 0.6907872696817421, 0.6911222780569515, 0.6857621440536014, 0.6850921273031826, 0.6901172529313233, 0.6948073701842546, 0.683752093802345, 0.685427135678392, 0.6800670016750419, 0.697822445561139, 0.6800670016750419, 0.6850921273031826, 0.6824120603015076, 0.6931323283082077, 0.6871021775544388, 0.6934673366834171, 0.685427135678392, 0.68107202680067, 0.6814070351758794, 0.6917922948073701, 0.6814070351758794, 0.6924623115577889, 0.6894472361809045, 0.6938023450586265, 0.6793969849246231, 0.6931323283082077, 0.6787269681742043, 0.6747068676716917, 0.6964824120603015, 0.6938023450586265, 0.6927973199329983, 0.6891122278056951, 0.6804020100502512, 0.6887772194304858, 0.6887772194304858, 0.6901172529313233, 0.6864321608040201, 0.6907872696817421, 0.6934673366834171, 0.6988274706867672, 0.688107202680067, 0.6924623115577889, 0.6850921273031826, 0.7001675041876047, 0.6864321608040201, 0.6790619765494137, 0.6894472361809045, 0.6938023450586265, 0.685427135678392, 0.6921273031825795, 0.6760469011725293, 0.6907872696817421, 0.6780569514237856, 0.6917922948073701, 0.6850921273031826, 0.6924623115577889, 0.6860971524288108, 0.6864321608040201, 0.6917922948073701, 0.6921273031825795, 0.6753768844221105, 0.6820770519262982, 0.685427135678392, 0.678391959798995, 0.6877721943048576, 0.6864321608040201, 0.6914572864321608, 0.6767169179229481, 0.6971524288107203, 0.6871021775544388, 0.6763819095477387, 0.6871021775544388, 0.6938023450586265, 0.6988274706867672, 0.683752093802345, 0.7025125628140704, 0.6857621440536014, 0.6844221105527638, 0.6874371859296482, 0.6733668341708543, 0.6907872696817421, 0.6847571189279732, 0.6927973199329983, 0.6884422110552764, 0.7011725293132328, 0.6847571189279732, 0.6834170854271356, 0.6901172529313233, 0.6961474036850921, 0.6884422110552764, 0.6944723618090453, 0.6884422110552764, 0.6857621440536014, 0.6807370184254606, 0.682747068676717, 0.6874371859296482, 0.6894472361809045, 0.6961474036850921, 0.6844221105527638, 0.685427135678392, 0.6921273031825795, 0.68107202680067, 0.6887772194304858, 0.6904522613065327, 0.6864321608040201, 0.6941373534338359, 0.6968174204355109, 0.6877721943048576, 0.6696817420435511, 0.68107202680067, 0.6934673366834171, 0.6874371859296482, 0.6884422110552764, 0.68107202680067, 0.699497487437186, 0.6877721943048576, 0.6921273031825795, 0.6757118927973199, 0.6824120603015076, 0.6877721943048576, 0.6931323283082077, 0.6998324958123953, 0.6904522613065327, 0.6971524288107203, 0.6830820770519263, 0.6927973199329983, 0.6817420435510888, 0.6737018425460637, 0.685427135678392, 0.6817420435510888, 0.6860971524288108, 0.6974874371859296, 0.6867671691792295, 0.6907872696817421, 0.688107202680067, 0.6817420435510888, 0.6981574539363484, 0.6807370184254606, 0.6860971524288108, 0.6938023450586265, 0.6948073701842546, 0.6887772194304858, 0.6773869346733669, 0.6793969849246231, 0.6954773869346733, 0.6804020100502512, 0.6938023450586265, 0.7011725293132328, 0.6871021775544388, 0.6847571189279732, 0.6857621440536014, 0.6968174204355109, 0.6844221105527638, 0.6924623115577889, 0.6954773869346733, 0.6904522613065327, 0.678391959798995, 0.6958123953098827, 0.697822445561139, 0.6847571189279732, 0.6901172529313233, 0.6941373534338359, 0.6971524288107203, 0.6807370184254606, 0.6911222780569515, 0.6917922948073701, 0.685427135678392, 0.6740368509212731, 0.695142378559464, 0.6884422110552764, 0.6860971524288108, 0.6887772194304858, 0.6901172529313233, 0.6948073701842546, 0.6927973199329983, 0.6931323283082077, 0.6897822445561139, 0.6938023450586265, 0.685427135678392, 0.6824120603015076, 0.6844221105527638, 0.6934673366834171, 0.6974874371859296, 0.6807370184254606, 0.6743718592964824, 0.6847571189279732, 0.6921273031825795, 0.6847571189279732, 0.6847571189279732, 0.6917922948073701, 0.6860971524288108, 0.6857621440536014, 0.685427135678392, 0.6941373534338359, 0.6800670016750419, 0.6971524288107203, 0.6938023450586265, 0.6850921273031826]
media accuracy = 0.6879
Desviacion standard = 0.0064 accuracy = 0.6879

===============================================================================================Da
Daisy (L2 SQRT) - BOVW (L2 SQRT)

C = 1.5

accuracy_list 
0.704, 0.703, 0.697, 0.708, 0.704, 0.693, 0.690, 0.702, 0.696, 0.704, 0.701, 0.706, 0.707, 0.698, 0.694, 0.695, 0.705, 0.710, 0.700, 0.695, 0.703, 0.710, 0.685, 0.712, 0.696, 0.704, 0.704, 0.699, 0.700, 0.702, 0.704, 0.701, 0.698, 0.695, 0.702, 0.703, 0.710, 0.704, 0.707, 0.708, 0.693, 0.696, 0.698, 0.712, 0.688, 0.693, 0.705, 0.692, 0.697, 0.704, 0.705, 0.704, 0.685, 0.688, 0.705, 0.699, 0.696, 0.699, 0.699, 0.705, 0.705, 0.690, 0.701, 0.708, 0.704, 0.705, 0.702, 0.698, 0.688, 0.704, 0.709, 0.710, 0.693, 0.709, 0.706, 0.699, 0.702, 0.708, 0.692, 0.708, 0.704, 0.706, 0.694, 0.696, 0.699, 0.696, 0.695, 0.698, 0.698, 0.708, 0.701, 0.703, 0.698, 0.699, 0.696, 0.704, 0.689, 0.702, 0.703, 0.694, 0.707, 0.704, 0.710, 0.702, 0.704, 0.705, 0.710, 0.693, 0.709, 0.696, 0.700, 0.700, 0.706, 0.696, 0.705, 0.698, 0.681, 0.711, 0.697, 0.695, 0.698, 0.708, 0.710, 0.690, 0.698, 0.698, 0.708, 0.682, 0.696, 0.692, 0.699, 0.705, 0.702, 0.703, 0.709, 0.705, 0.697, 0.708, 0.706, 0.693, 0.702, 0.704, 0.690, 0.711, 0.701, 0.701, 0.702, 0.706, 0.695, 0.698, 0.702, 0.697, 0.712, 0.693, 0.700, 0.701, 0.697, 0.695, 0.683, 0.701, 0.710, 0.696, 0.696, 0.703, 0.703, 0.701, 0.689, 0.706, 0.704, 0.706, 0.704, 0.711, 0.702, 0.699, 0.705, 0.690, 0.704, 0.700, 0.702, 0.696, 0.686, 0.690, 0.699, 0.686, 0.686, 0.689, 0.691, 0.704, 0.695, 0.707, 0.710, 0.710, 0.703, 0.716, 0.703, 0.711, 0.707, 0.708, 0.693, 0.691, media accuracy = 0.7013
Desviacion standard = 0.0067 accuracy = 0.7013

