Accuracy params
(2048, 2) --> [0.6466666666666666, 0.71, 0.7133333333333334, 0.7166666666666667, 0.6766666666666666]
(2, 8) --> [0.6233333333333333, 0.7066666666666667, 0.6866666666666666, 0.6833333333333333, 0.6566666666666666]
(8, 0.001953125) --> [0.11666666666666667, 0.12666666666666668, 0.12, 0.13666666666666666, 0.13333333333333333]
(0.5, 3.0517578125e-05) --> [0.043333333333333335, 0.04666666666666667, 0.04666666666666667, 0.04666666666666667, 0.04666666666666667]
(32, 0.00048828125) --> [0.11666666666666667, 0.13, 0.12, 0.13666666666666666, 0.13333333333333333]
(512, 0.03125) --> [0.6033333333333334, 0.6666666666666666, 0.6466666666666666, 0.6733333333333333, 0.6633333333333333]
(8192, 0.125) --> [0.6133333333333333, 0.6766666666666666, 0.6333333333333333, 0.6833333333333333, 0.6566666666666666]
(0.125, 0.03125) --> [0.043333333333333335, 0.04666666666666667, 0.04666666666666667, 0.04666666666666667, 0.04666666666666667]
(0.5, 0.001953125) --> [0.043333333333333335, 0.04666666666666667, 0.04666666666666667, 0.04666666666666667, 0.04666666666666667]
(32768, 3.0517578125e-05) --> [0.6333333333333333, 0.72, 0.71, 0.6966666666666667, 0.68]
(2, 0.0078125) --> [0.11333333333333333, 0.12333333333333334, 0.11666666666666667, 0.13666666666666666, 0.13333333333333333]
(32, 2) --> [0.6466666666666666, 0.71, 0.7133333333333334, 0.7166666666666667, 0.6766666666666666]
(0.03125, 0.00048828125) --> [0.043333333333333335, 0.04666666666666667, 0.04666666666666667, 0.04666666666666667, 0.04666666666666667]
(0.125, 8) --> [0.08, 0.10333333333333333, 0.06333333333333334, 0.08666666666666667, 0.08666666666666667]
(2048, 0.0078125) --> [0.6, 0.6666666666666666, 0.6433333333333333, 0.6766666666666666, 0.66]
(8192, 0.03125) --> [0.5933333333333334, 0.67, 0.6366666666666667, 0.6866666666666666, 0.6566666666666666]
(8192, 3.0517578125e-05) --> [0.6, 0.66, 0.68, 0.67, 0.6533333333333333]
(8, 0.0078125) --> [0.5266666666666666, 0.54, 0.58, 0.57, 0.5466666666666666]
(0.125, 0.0078125) --> [0.043333333333333335, 0.04666666666666667, 0.04666666666666667, 0.04666666666666667, 0.04666666666666667]
(8192, 8) --> [0.6233333333333333, 0.7066666666666667, 0.6866666666666666, 0.6833333333333333, 0.6566666666666666]
(0.125, 0.00048828125) --> [0.043333333333333335, 0.04666666666666667, 0.04666666666666667, 0.04666666666666667, 0.04666666666666667]
(32, 0.5) --> [0.6266666666666667, 0.69, 0.6666666666666666, 0.7033333333333334, 0.6666666666666666]
(0.5, 0.5) --> [0.5966666666666667, 0.6366666666666667, 0.67, 0.6466666666666666, 0.6233333333333333]
(8192, 0.5) --> [0.6266666666666667, 0.69, 0.6666666666666666, 0.7066666666666667, 0.67]
(128, 0.00048828125) --> [0.53, 0.54, 0.5833333333333334, 0.57, 0.5466666666666666]
(512, 3.0517578125e-05) --> [0.11666666666666667, 0.13, 0.12, 0.13666666666666666, 0.13333333333333333]
(8, 2) --> [0.6466666666666666, 0.7066666666666667, 0.7133333333333334, 0.72, 0.6766666666666666]
(8192, 0.0078125) --> [0.5933333333333334, 0.6666666666666666, 0.64, 0.68, 0.6566666666666666]
(2048, 0.03125) --> [0.5933333333333334, 0.67, 0.6366666666666667, 0.6866666666666666, 0.6566666666666666]
(8, 0.5) --> [0.65, 0.7033333333333334, 0.7033333333333334, 0.7033333333333334, 0.68]
(0.03125, 0.0078125) --> [0.043333333333333335, 0.04666666666666667, 0.04666666666666667, 0.04666666666666667, 0.04666666666666667]
(0.125, 3.0517578125e-05) --> [0.043333333333333335, 0.04666666666666667, 0.04666666666666667, 0.04666666666666667, 0.04666666666666667]
(32, 0.001953125) --> [0.53, 0.54, 0.5833333333333334, 0.57, 0.5466666666666666]
(2, 0.5) --> [0.6433333333333333, 0.7133333333333334, 0.7233333333333334, 0.6966666666666667, 0.6633333333333333]
(128, 0.03125) --> [0.6333333333333333, 0.6866666666666666, 0.6966666666666667, 0.6833333333333333, 0.6833333333333333]
(128, 8) --> [0.6233333333333333, 0.7066666666666667, 0.6866666666666666, 0.6833333333333333, 0.6566666666666666]
(32768, 0.00048828125) --> [0.6, 0.6666666666666666, 0.6466666666666666, 0.6766666666666666, 0.6566666666666666]
(32, 3.0517578125e-05) --> [0.043333333333333335, 0.04666666666666667, 0.04666666666666667, 0.04666666666666667, 0.04666666666666667]
(32768, 0.03125) --> [0.5933333333333334, 0.67, 0.6366666666666667, 0.6866666666666666, 0.6566666666666666]
(0.5, 0.0078125) --> [0.043333333333333335, 0.04666666666666667, 0.04666666666666667, 0.04666666666666667, 0.04666666666666667]
(512, 8) --> [0.6233333333333333, 0.7066666666666667, 0.6866666666666666, 0.6833333333333333, 0.6566666666666666]
(8, 3.0517578125e-05) --> [0.043333333333333335, 0.04666666666666667, 0.04666666666666667, 0.04666666666666667, 0.04666666666666667]
(32768, 8) --> [0.6233333333333333, 0.7066666666666667, 0.6866666666666666, 0.6833333333333333, 0.6566666666666666]
(8192, 0.00048828125) --> [0.6266666666666667, 0.6833333333333333, 0.6933333333333334, 0.6866666666666666, 0.6833333333333333]
(0.03125, 0.001953125) --> [0.043333333333333335, 0.04666666666666667, 0.04666666666666667, 0.04666666666666667, 0.04666666666666667]
(32768, 0.001953125) --> [0.5933333333333334, 0.6666666666666666, 0.64, 0.68, 0.6566666666666666]
(0.125, 0.125) --> [0.10333333333333333, 0.10333333333333333, 0.12, 0.12, 0.13]
(32, 0.03125) --> [0.6333333333333333, 0.72, 0.7166666666666667, 0.6966666666666667, 0.68]
(0.5, 8) --> [0.47333333333333333, 0.54, 0.5266666666666666, 0.5233333333333333, 0.5433333333333333]
(0.5, 0.00048828125) --> [0.043333333333333335, 0.04666666666666667, 0.04666666666666667, 0.04666666666666667, 0.04666666666666667]
(0.03125, 0.5) --> [0.07666666666666666, 0.04666666666666667, 0.04666666666666667, 0.05, 0.11666666666666667]
(128, 2) --> [0.6466666666666666, 0.71, 0.7133333333333334, 0.7166666666666667, 0.6766666666666666]
(512, 0.5) --> [0.6266666666666667, 0.69, 0.6666666666666666, 0.7066666666666667, 0.67]
(2, 0.001953125) --> [0.043333333333333335, 0.04666666666666667, 0.04666666666666667, 0.04666666666666667, 0.04666666666666667]
(128, 0.5) --> [0.6266666666666667, 0.69, 0.6666666666666666, 0.7066666666666667, 0.67]
(2, 0.03125) --> [0.5166666666666667, 0.5433333333333333, 0.58, 0.5533333333333333, 0.55]
(128, 0.001953125) --> [0.6033333333333334, 0.66, 0.68, 0.67, 0.6533333333333333]
(2048, 0.5) --> [0.6266666666666667, 0.69, 0.6666666666666666, 0.7066666666666667, 0.67]
(128, 3.0517578125e-05) --> [0.043333333333333335, 0.04666666666666667, 0.04666666666666667, 0.04666666666666667, 0.04666666666666667]
(0.03125, 0.03125) --> [0.043333333333333335, 0.04666666666666667, 0.04666666666666667, 0.04666666666666667, 0.04666666666666667]
(128, 0.0078125) --> [0.6333333333333333, 0.72, 0.7166666666666667, 0.6966666666666667, 0.68]
(8192, 2) --> [0.6466666666666666, 0.71, 0.7133333333333334, 0.7166666666666667, 0.6766666666666666]
(0.5, 2) --> [0.6233333333333333, 0.7066666666666667, 0.6966666666666667, 0.6966666666666667, 0.6766666666666666]
(2, 0.125) --> [0.5866666666666667, 0.6533333333333333, 0.68, 0.66, 0.6533333333333333]
(512, 0.00048828125) --> [0.6033333333333334, 0.66, 0.68, 0.67, 0.6533333333333333]
(32768, 0.5) --> [0.6266666666666667, 0.69, 0.6666666666666666, 0.7066666666666667, 0.67]
(0.125, 0.001953125) --> [0.043333333333333335, 0.04666666666666667, 0.04666666666666667, 0.04666666666666667, 0.04666666666666667]
(8, 0.03125) --> [0.5966666666666667, 0.66, 0.68, 0.67, 0.6566666666666666]
(512, 0.0078125) --> [0.63, 0.6866666666666666, 0.6933333333333334, 0.6866666666666666, 0.6833333333333333]
(2048, 0.125) --> [0.6133333333333333, 0.6766666666666666, 0.6333333333333333, 0.6833333333333333, 0.6566666666666666]
(2, 2) --> [0.66, 0.71, 0.73, 0.72, 0.6833333333333333]
(32768, 0.125) --> [0.6133333333333333, 0.6766666666666666, 0.6333333333333333, 0.6833333333333333, 0.6566666666666666]
(0.125, 0.5) --> [0.44333333333333336, 0.49333333333333335, 0.48333333333333334, 0.49, 0.44]
(512, 0.001953125) --> [0.6366666666666667, 0.72, 0.7133333333333334, 0.6966666666666667, 0.68]
(2048, 0.00048828125) --> [0.6366666666666667, 0.72, 0.7133333333333334, 0.6966666666666667, 0.68]
(32768, 2) --> [0.6466666666666666, 0.71, 0.7133333333333334, 0.7166666666666667, 0.6766666666666666]
(2048, 0.001953125) --> [0.6266666666666667, 0.6833333333333333, 0.6933333333333334, 0.6866666666666666, 0.6833333333333333]
(8192, 0.001953125) --> [0.6, 0.6666666666666666, 0.6433333333333333, 0.6766666666666666, 0.66]
(128, 0.125) --> [0.6066666666666667, 0.67, 0.6433333333333333, 0.68, 0.6633333333333333]
(0.03125, 8) --> [0.043333333333333335, 0.04666666666666667, 0.04666666666666667, 0.04666666666666667, 0.04666666666666667]
(32, 0.125) --> [0.6333333333333333, 0.6933333333333334, 0.6966666666666667, 0.6866666666666666, 0.6833333333333333]
(8, 0.125) --> [0.64, 0.71, 0.7166666666666667, 0.6933333333333334, 0.68]
(512, 0.125) --> [0.6133333333333333, 0.6766666666666666, 0.6333333333333333, 0.6833333333333333, 0.6566666666666666]
(2048, 8) --> [0.6233333333333333, 0.7066666666666667, 0.6866666666666666, 0.6833333333333333, 0.6566666666666666]
(8, 0.00048828125) --> [0.043333333333333335, 0.04666666666666667, 0.04666666666666667, 0.04666666666666667, 0.04666666666666667]
(32, 0.0078125) --> [0.6, 0.6633333333333333, 0.68, 0.67, 0.6566666666666666]
(0.03125, 2) --> [0.11, 0.14333333333333334, 0.09666666666666666, 0.13333333333333333, 0.12666666666666668]
(0.5, 0.125) --> [0.51, 0.5366666666666666, 0.56, 0.5466666666666666, 0.5333333333333333]
(0.03125, 3.0517578125e-05) --> [0.043333333333333335, 0.04666666666666667, 0.04666666666666667, 0.04666666666666667, 0.04666666666666667]
(0.03125, 0.125) --> [0.043333333333333335, 0.04666666666666667, 0.04666666666666667, 0.04666666666666667, 0.04666666666666667]
(32768, 0.0078125) --> [0.5933333333333334, 0.6666666666666666, 0.64, 0.68, 0.6566666666666666]
(2048, 3.0517578125e-05) --> [0.5333333333333333, 0.54, 0.5833333333333334, 0.57, 0.5466666666666666]
(512, 2) --> [0.6466666666666666, 0.71, 0.7133333333333334, 0.7166666666666667, 0.6766666666666666]
(2, 3.0517578125e-05) --> [0.043333333333333335, 0.04666666666666667, 0.04666666666666667, 0.04666666666666667, 0.04666666666666667]
(8, 8) --> [0.6233333333333333, 0.7066666666666667, 0.6866666666666666, 0.6833333333333333, 0.6566666666666666]
(2, 0.00048828125) --> [0.043333333333333335, 0.04666666666666667, 0.04666666666666667, 0.04666666666666667, 0.04666666666666667]
(32, 8) --> [0.6233333333333333, 0.7066666666666667, 0.6866666666666666, 0.6833333333333333, 0.6566666666666666]
(0.5, 0.03125) --> [0.11, 0.11666666666666667, 0.11333333333333333, 0.13333333333333333, 0.13333333333333333]
(0.125, 2) --> [0.5533333333333333, 0.5833333333333334, 0.6066666666666667, 0.61, 0.5633333333333334]

List Median = [
0.71000, 0.68333, 0.12667, 0.04667, 0.13000, 0.66333, 0.65667, 0.04667, 0.04667, 0.69667, 0.12333, 0.71000, 0.04667, 0.08667, 0.66000, 0.65667, 0.66000, 0.54667, 0.04667, 0.68333, 0.04667, 0.66667, 0.63667, 0.67000, 0.54667, 0.13000, 0.70667, 0.65667, 0.65667, 0.70333, 0.04667, 0.04667, 0.54667, 0.69667, 0.68333, 0.68333, 0.65667, 0.04667, 0.65667, 0.04667, 0.68333, 0.04667, 0.68333, 0.68333, 0.04667, 0.65667, 0.12000, 0.69667, 0.52667, 0.04667, 0.05000, 0.71000, 0.67000, 0.04667, 0.67000, 0.55000, 0.66000, 0.67000, 0.04667, 0.04667, 0.69667, 0.71000, 0.69667, 0.65333, 0.66000, 0.67000, 0.04667, 0.66000, 0.68667, 0.65667, 0.71000, 0.65667, 0.48333, 0.69667, 0.69667, 0.71000, 0.68333, 0.66000, 0.66333, 0.04667, 0.68667, 0.69333, 0.65667, 0.68333, 0.04667, 0.66333, 0.12667, 0.53667, 0.04667, 0.04667, 0.65667, 0.54667, 0.71000, 0.04667, 0.68333, 0.04667, 0.68333, 0.11667, 0.58333]

List Sdev = [
0.02711, 0.02880, 0.00760, 0.00133, 0.00772, 0.02525, 0.02628, 0.00133, 0.00133, 0.03045, 0.00909, 0.02711, 0.00133, 0.01289, 0.02695, 0.03215, 0.02784, 0.01960, 0.00133, 0.02880, 0.00133, 0.02611, 0.02437, 0.02688, 0.01971, 0.00772, 0.02736, 0.02999, 0.03215, 0.02104, 0.00133, 0.00133, 0.01971, 0.03023, 0.02221, 0.02880, 0.02662, 0.00133, 0.03215, 0.00133, 0.02880, 0.00133, 0.02880, 0.02428, 0.00133, 0.02999, 0.01046, 0.03151, 0.02517, 0.00133, 0.02711, 0.02711, 0.02688, 0.00133, 0.02688, 0.02029, 0.02658, 0.02688, 0.00133, 0.00133, 0.03151, 0.02711, 0.02996, 0.03155, 0.02658, 0.02688, 0.00133, 0.02917, 0.02323, 0.02628, 0.02560, 0.02628, 0.02338, 0.02977, 0.02977, 0.02711, 0.02428, 0.02695, 0.02594, 0.00133, 0.02315, 0.02721, 0.02628, 0.02880, 0.00133, 0.02808, 0.01668, 0.01652, 0.00133, 0.00133, 0.02999, 0.01893, 0.02711, 0.00133, 0.02880, 0.00133, 0.02880, 0.01002, 0.02261]


Mejores Medias y Varianzas

(2048, 2) --> [0.6466666666666666, 0.71, 0.7133333333333334, 0.7166666666666667, 0.6766666666666666]   	media = 0.710	sdev = 0.02711
(32, 2) --> [0.6466666666666666, 0.71, 0.7133333333333334, 0.7166666666666667, 0.6766666666666666]		media = 0.710	sdev = 0.02711
(128, 2) --> [0.6466666666666666, 0.71, 0.7133333333333334, 0.7166666666666667, 0.6766666666666666]		media = 0.710	sdev = 0.02711
(8192, 2) --> [0.6466666666666666, 0.71, 0.7133333333333334, 0.7166666666666667, 0.6766666666666666]	media = 0.710	sdev = 0.02711
(2, 2) --> [0.66, 0.71, 0.73, 0.72, 0.6833333333333333]													media = 0.710	sdev = 0.02560
(32768, 2) --> [0.6466666666666666, 0.71, 0.7133333333333334, 0.7166666666666667, 0.6766666666666666]	media = 0.710	sdev = 0.02711
(512, 2) --> [0.6466666666666666, 0.71, 0.7133333333333334, 0.7166666666666667, 0.6766666666666666]		media = 0.710	sdev = 0.02711

(32, 2) --> [0.6466666666666666, 0.71, 0.7133333333333334, 0.7166666666666667, 0.6766666666666666]		media = 0.710	sdev = 0.02711
(2, 2) --> [0.66, 0.71, 0.73, 0.72, 0.6833333333333333]													media = 0.710	sdev = 0.02560