=========================================================
=========================================================
Daisy L2    BOVW L2
accuracy_list = [
0.679, 0.668, 0.670, 0.677, 0.684, 0.685, 0.676, 0.669, 0.679, 0.680, 0.659, 0.671, 0.672, 0.677, 0.675, 0.673, 0.665, 0.661, 0.670, 0.675, 0.665, 0.680, 0.673, 0.680, 0.669, 0.677, 0.669, 0.668, 0.669, 0.664, 0.680, 0.667, 0.671, 0.673, 0.671, 0.674, 0.672, 0.670, 0.676, 0.672, 0.680, 0.670, 0.677, 0.675, 0.679, 0.667, 0.674, 0.672, 0.676, 0.666, 0.666, 0.677, 0.675, 0.683, 0.662, 0.675, 0.685, 0.679, 0.667, 0.661, 0.667, 0.677, 0.663, 0.658, 0.668, 0.681, 0.685, 0.673, 0.680, 0.672, 0.667, 0.676, 0.665, 0.682, 0.674, 0.678, 0.677, 0.664, 0.673, 0.676, 0.672, 0.665, 0.673, 0.679, 0.676, 0.675, 0.663, 0.672, 0.673, 0.680, 0.676, 0.671, 0.670, 0.669, 0.663, 0.678, 0.669, 0.672, 0.673, 0.666, 0.670, 0.673, 0.678, 0.664, 0.674, 0.675, 0.664, 0.681, 0.677, 0.674, 0.675, 0.671, 0.678, 0.669, 0.678, 0.675, 0.665, 0.673, 0.671, 0.672, 0.687, 0.669, 0.680, 0.679, 0.677, 0.687, 0.673, 0.685, 0.681, 0.685, 0.669, 0.678, 0.684, 0.692, 0.665, 0.677, 0.669, 0.684, 0.675, 0.677, 0.674, 0.686, 0.668, 0.673, 0.690, 0.666, 0.670, 0.680, 0.659, 0.677, 0.669, 0.671, 0.682, 0.676, 0.674, 0.671, 0.669, 0.670, 0.690, 0.656, 0.688, 0.682, 0.672, 0.675, 0.664, 0.676, 0.671, 0.679, 0.676, 0.678, 0.674, 0.682, 0.675, 0.677, 0.670, 0.669, 0.666, 0.665, 0.670, 0.684, 0.667, 0.672, 0.673, 0.683, 0.678, 0.677, 0.675, 0.679, 0.676, 0.670, 0.674, 0.677, 0.677, 0.681, 0.686, 0.663, 0.687, 0.680, 0.677, 0.680]
Desviacion standard = 0.0067 accuracy = 0.6740



Daisy SQRT   BOVW L2
accuracy_list = [
0.627, 0.619, 0.625, 0.624, 0.633, 0.638, 0.630, 0.634, 0.626, 0.622, 0.620, 0.629, 0.634, 0.638, 0.621, 0.637, 0.629, 0.631, 0.632, 0.618, 0.632, 0.641, 0.639, 0.624, 0.627, 0.627, 0.638, 0.616, 0.616, 0.625, 0.635, 0.634, 0.617, 0.630, 0.632, 0.639, 0.649, 0.624, 0.632, 0.630, 0.627, 0.631, 0.629, 0.637, 0.614, 0.629, 0.623, 0.644, 0.634, 0.636, 0.644, 0.643, 0.633, 0.617, 0.630, 0.626, 0.632, 0.642, 0.628, 0.621, 0.629, 0.636, 0.630, 0.629, 0.635, 0.637, 0.628, 0.625, 0.626, 0.627, 0.641, 0.636, 0.630, 0.629, 0.636, 0.629, 0.633, 0.622, 0.631, 0.631, 0.639, 0.624, 0.628, 0.627, 0.625, 0.626, 0.620, 0.644, 0.632, 0.632, 0.623, 0.622, 0.630, 0.641, 0.628, 0.629, 0.631, 0.623, 0.629, 0.621, 0.628, 0.621, 0.639, 0.620, 0.625, 0.628, 0.626, 0.628, 0.631, 0.626, 0.632, 0.626, 0.635, 0.630, 0.641, 0.639, 0.625, 0.636, 0.636, 0.631, 0.623, 0.634, 0.624, 0.627, 0.626, 0.634, 0.625, 0.617, 0.630, 0.622, 0.639, 0.627, 0.628, 0.626, 0.638, 0.629, 0.627, 0.640, 0.639, 0.630, 0.622, 0.622, 0.625, 0.637, 0.635, 0.631, 0.623, 0.629, 0.628, 0.617, 0.642, 0.623, 0.630, 0.614, 0.629, 0.631, 0.630, 0.633, 0.632, 0.630, 0.625, 0.633, 0.626, 0.638, 0.630, 0.632, 0.618, 0.636, 0.636, 0.621, 0.625, 0.623, 0.635, 0.628, 0.617, 0.623, 0.634, 0.632, 0.633, 0.625, 0.633, 0.637, 0.634, 0.627, 0.617, 0.626, 0.627, 0.641, 0.624, 0.630, 0.617, 0.626, 0.639, 0.642, 0.627, 0.634, 0.637, 0.627, 0.634, 0.621]
Desviacion standard = 0.0067 accuracy = 0.6295


Daisy L2 SQRT   BOVW L2
accuracy_list = [
0.688, 0.676, 0.685, 0.677, 0.684, 0.696, 0.675, 0.679, 0.685, 0.690, 0.686, 0.689, 0.675, 0.674, 0.682, 0.670, 0.685, 0.685, 0.697, 0.685, 0.689, 0.670, 0.682, 0.692, 0.687, 0.678, 0.685, 0.685, 0.695, 0.682, 0.670, 0.681, 0.681, 0.681, 0.679, 0.678, 0.692, 0.693, 0.677, 0.680, 0.679, 0.684, 0.678, 0.677, 0.686, 0.693, 0.683, 0.681, 0.677, 0.679, 0.687, 0.694, 0.683, 0.670, 0.685, 0.680, 0.680, 0.687, 0.676, 0.678, 0.680, 0.693, 0.676, 0.683, 0.676, 0.680, 0.679, 0.689, 0.687, 0.678, 0.680, 0.683, 0.684, 0.689, 0.681, 0.681, 0.691, 0.689, 0.671, 0.688, 0.681, 0.680, 0.683, 0.693, 0.686, 0.687, 0.679, 0.685, 0.687, 0.673, 0.682, 0.672, 0.691, 0.689, 0.683, 0.689, 0.692, 0.685, 0.675, 0.683, 0.686, 0.685, 0.691, 0.681, 0.689, 0.678, 0.670, 0.681, 0.680, 0.677, 0.686, 0.683, 0.686, 0.690, 0.690, 0.692, 0.676, 0.676, 0.675, 0.686, 0.681, 0.680, 0.684, 0.689, 0.685, 0.689, 0.676, 0.681, 0.693, 0.688, 0.686, 0.682, 0.679, 0.674, 0.692, 0.682, 0.681, 0.681, 0.683, 0.684, 0.688, 0.677, 0.675, 0.677, 0.695, 0.687, 0.683, 0.681, 0.675, 0.683, 0.682, 0.678, 0.689, 0.692, 0.684, 0.692, 0.690, 0.690, 0.676, 0.677, 0.673, 0.684, 0.688, 0.676, 0.686, 0.679, 0.687, 0.683, 0.674, 0.687, 0.681, 0.679, 0.690, 0.673, 0.686, 0.696, 0.690, 0.667, 0.683, 0.670, 0.681, 0.678, 0.682, 0.688, 0.682, 0.687, 0.685, 0.684, 0.688, 0.671, 0.689, 0.680, 0.684, 0.676, 0.683, 0.691, 0.688, 0.690, 0.681, 0.680]
Desviacion standard = 0.0062 accuracy = 0.6831


Daisy L2 BOVW SQRT
accuracy_list = [
0.572, 0.570, 0.576, 0.576, 0.552, 0.571, 0.528, 0.571, 0.529, 0.580, 0.554, 0.547, 0.548, 0.588, 0.562, 0.571, 0.575, 0.574, 0.543, 0.586, 0.562, 0.575, 0.565, 0.572, 0.553, 0.576, 0.576, 0.568, 0.575, 0.580, 0.569, 0.569, 0.561, 0.572, 0.579, 0.578, 0.544, 0.576, 0.556, 0.573, 0.566, 0.537, 0.559, 0.501, 0.565, 0.565, 0.584, 0.545, 0.565, 0.562, 0.564, 0.556, 0.543, 0.564, 0.561, 0.551, 0.578, 0.571, 0.572, 0.571, 0.562, 0.564, 0.557, 0.558, 0.585, 0.594, 0.571, 0.566, 0.585, 0.566, 0.554, 0.578, 0.550, 0.559, 0.578, 0.557, 0.551, 0.553, 0.574, 0.563, 0.567, 0.557, 0.563, 0.573, 0.556, 0.561, 0.566, 0.572, 0.541, 0.568, 0.562, 0.578, 0.569, 0.550, 0.563, 0.579, 0.550, 0.572, 0.544, 0.562, 0.560, 0.578, 0.579, 0.549, 0.560, 0.572, 0.582, 0.571, 0.559, 0.545, 0.563, 0.573, 0.574, 0.558, 0.561, 0.575, 0.553, 0.576, 0.564, 0.553, 0.560, 0.564, 0.570, 0.575, 0.543, 0.563, 0.564, 0.574, 0.576, 0.581, 0.564, 0.561, 0.572, 0.558, 0.578, 0.583, 0.569, 0.539, 0.583, 0.560, 0.561, 0.557, 0.578, 0.576, 0.564, 0.586, 0.572, 0.550, 0.578, 0.575, 0.566, 0.576, 0.578, 0.571, 0.565, 0.572, 0.557, 0.562, 0.572, 0.571, 0.551, 0.560, 0.554, 0.553, 0.584, 0.560, 0.579, 0.568, 0.582, 0.566, 0.575, 0.556, 0.573, 0.570, 0.562, 0.563, 0.579, 0.541, 0.563, 0.574, 0.563, 0.584, 0.552, 0.556, 0.570, 0.529, 0.560, 0.566, 0.586, 0.546, 0.559, 0.559, 0.597, 0.560, 0.574, 0.552, 0.562, 0.555, 0.579, 0.564]
Desviacion standard = 0.0129 accuracy = 0.5653

Daisy SQRT BOVW SQRT
accuracy_list = [
0.510, 0.502, 0.530, 0.513, 0.517, 0.518, 0.516, 0.509, 0.513, 0.494, 0.519, 0.520, 0.522, 0.517, 0.520, 0.536, 0.523, 0.488, 0.506, 0.513, 0.512, 0.517, 0.511, 0.532, 0.529, 0.520, 0.524, 0.509, 0.519, 0.525, 0.509, 0.530, 0.505, 0.508, 0.507, 0.535, 0.528, 0.510, 0.507, 0.509, 0.487, 0.504, 0.498, 0.512, 0.523, 0.509, 0.503, 0.512, 0.505, 0.511, 0.526, 0.513, 0.538, 0.498, 0.522, 0.518, 0.515, 0.527, 0.503, 0.520, 0.516, 0.515, 0.526, 0.514, 0.521, 0.509, 0.483, 0.511, 0.518, 0.513, 0.511, 0.514, 0.534, 0.514, 0.517, 0.506, 0.509, 0.512, 0.531, 0.524, 0.525, 0.537, 0.508, 0.522, 0.517, 0.490, 0.517, 0.536, 0.503, 0.504, 0.517, 0.523, 0.509, 0.527, 0.518, 0.504, 0.502, 0.537, 0.525, 0.493, 0.523, 0.524, 0.539, 0.509, 0.504, 0.515, 0.513, 0.514, 0.516, 0.526, 0.517, 0.522, 0.511, 0.503, 0.523, 0.502, 0.511, 0.520, 0.513, 0.497, 0.504, 0.498, 0.512, 0.545, 0.518, 0.523, 0.525, 0.517, 0.540, 0.508, 0.535, 0.514, 0.526, 0.518, 0.510, 0.542, 0.506, 0.519, 0.511, 0.520, 0.511, 0.523, 0.512, 0.513, 0.507, 0.507, 0.506, 0.524, 0.520, 0.520, 0.518, 0.509, 0.514, 0.517, 0.523, 0.524, 0.533, 0.517, 0.539, 0.528, 0.515, 0.525, 0.501, 0.499, 0.533, 0.505, 0.516, 0.533, 0.535, 0.538, 0.512, 0.501, 0.523, 0.514, 0.508, 0.528, 0.536, 0.522, 0.506, 0.508, 0.509, 0.524, 0.522, 0.517, 0.494, 0.530, 0.525, 0.502, 0.513, 0.519, 0.510, 0.525, 0.523, 0.531, 0.512, 0.515, 0.520, 0.514, 0.513, 0.524]
Desviacion standard = 0.0112 accuracy = 0.5159

Daisy (L2 SQRT)  BOVW SQRT
accuracy_list = [
0.560, 0.587, 0.552, 0.571, 0.577, 0.579, 0.597, 0.578, 0.578, 0.565, 0.561, 0.575, 0.589, 0.562, 0.568, 0.570, 0.584, 0.580, 0.565, 0.574, 0.575, 0.571, 0.590, 0.582, 0.564, 0.568, 0.579, 0.569, 0.598, 0.593, 0.578, 0.560, 0.591, 0.562, 0.586, 0.588, 0.579, 0.568, 0.578, 0.574, 0.541, 0.583, 0.581, 0.580, 0.564, 0.567, 0.548, 0.556, 0.566, 0.591, 0.581, 0.566, 0.585, 0.580, 0.572, 0.590, 0.569, 0.580, 0.579, 0.586, 0.575, 0.578, 0.553, 0.579, 0.566, 0.548, 0.590, 0.590, 0.575, 0.565, 0.562, 0.564, 0.563, 0.596, 0.589, 0.576, 0.528, 0.606, 0.583, 0.575, 0.566, 0.574, 0.569, 0.588, 0.589, 0.567, 0.551, 0.534, 0.567, 0.586, 0.573, 0.571, 0.592, 0.593, 0.584, 0.592, 0.586, 0.597, 0.576, 0.569, 0.575, 0.578, 0.572, 0.577, 0.594, 0.568, 0.586, 0.576, 0.559, 0.574, 0.575, 0.562, 0.575, 0.580, 0.581, 0.591, 0.568, 0.568, 0.577, 0.562, 0.561, 0.563, 0.608, 0.600, 0.565, 0.589, 0.553, 0.586, 0.576, 0.576, 0.574, 0.569, 0.579, 0.578, 0.571, 0.560, 0.592, 0.565, 0.568, 0.572, 0.579, 0.594, 0.555, 0.554, 0.563, 0.598, 0.584, 0.587, 0.595, 0.565, 0.567, 0.581, 0.566, 0.588, 0.589, 0.587, 0.576, 0.569, 0.575, 0.579, 0.565, 0.584, 0.592, 0.576, 0.567, 0.588, 0.583, 0.570, 0.574, 0.566, 0.547, 0.575, 0.549, 0.574, 0.585, 0.602, 0.571, 0.578, 0.579, 0.583, 0.584, 0.575, 0.587, 0.561, 0.573, 0.581, 0.590, 0.570, 0.569, 0.559, 0.569, 0.596, 0.589, 0.557, 0.559, 0.554, 0.582, 0.599, 0.572, 0.567]
Desviacion standard = 0.0131 accuracy = 0.5752


Daisy L2 BOVW (L2 SQRT)
accuracy_list 
0.695, 0.696, 0.688, 0.688, 0.691, 0.692, 0.699, 0.701, 0.702, 0.704, 0.706, 0.698, 0.692, 0.691, 0.694, 0.686, 0.696, 0.690, 0.695, 0.689, 0.692, 0.695, 0.687, 0.681, 0.706, 0.698, 0.689, 0.685, 0.693, 0.691, 0.702, 0.688, 0.693, 0.694, 0.684, 0.695, 0.693, 0.709, 0.694, 0.693, 0.687, 0.693, 0.699, 0.689, 0.686, 0.696, 0.692, 0.692, 0.694, 0.703, 0.686, 0.701, 0.694, 0.694, 0.689, 0.696, 0.689, 0.703, 0.688, 0.690, 0.686, 0.685, 0.703, 0.696, 0.679, 0.697, 0.688, 0.693, 0.679, 0.695, 0.684, 0.696, 0.694, 0.699, 0.696, 0.692, 0.700, 0.684, 0.690, 0.695, 0.698, 0.697, 0.694, 0.693, 0.697, 0.689, 0.693, 0.695, 0.698, 0.699, 0.690, 0.689, 0.694, 0.706, 0.698, 0.676, 0.697, 0.696, 0.691, 0.689, 0.693, 0.689, 0.690, 0.697, 0.697, 0.704, 0.691, 0.695, 0.695, 0.698, 0.685, 0.690, 0.687, 0.692, 0.690, 0.689, 0.686, 0.688, 0.684, 0.689, 0.701, 0.701, 0.691, 0.698, 0.690, 0.692, 0.693, 0.701, 0.691, 0.698, 0.702, 0.683, 0.697, 0.683, 0.691, 0.703, 0.703, 0.683, 0.686, 0.691, 0.695, 0.687, 0.696, 0.681, 0.684, 0.689, 0.683, 0.695, 0.700, 0.690, 0.685, 0.692, 0.696, 0.694, 0.684, 0.688, 0.694, 0.701, 0.705, 0.690, 0.698, 0.684, 0.695, 0.703, 0.687, 0.686, 0.689, 0.692, 0.693, 0.696, 0.688, 0.695, 0.693, 0.694, 0.697, 0.696, 0.696, 0.690, 0.687, 0.683, 0.697, 0.693, 0.688, 0.689, 0.701, 0.706, 0.689, 0.688, 0.691, 0.691, 0.693, 0.685, 0.692, 0.689, 0.696, 0.690, 0.687, 0.692, 0.690, 0.701, media accuracy = 0.6928
Desviacion standard = 0.0059 accuracy = 0.6928

Daisy SQRT - BOVW (L2 SQRT)
accuracy_list = [
0.657, 0.664, 0.667, 0.642, 0.651, 0.656, 0.660, 0.663, 0.652, 0.657, 0.666, 0.654, 0.651, 0.660, 0.661, 0.659, 0.663, 0.647, 0.653, 0.661, 0.656, 0.662, 0.655, 0.666, 0.659, 0.650, 0.662, 0.655, 0.662, 0.659, 0.658, 0.670, 0.653, 0.658, 0.653, 0.663, 0.666, 0.654, 0.647, 0.654, 0.657, 0.678, 0.658, 0.666, 0.656, 0.658, 0.658, 0.656, 0.652, 0.661, 0.654, 0.664, 0.657, 0.663, 0.670, 0.651, 0.658, 0.659, 0.661, 0.654, 0.655, 0.660, 0.658, 0.657, 0.648, 0.669, 0.658, 0.657, 0.652, 0.658, 0.660, 0.655, 0.655, 0.651, 0.661, 0.662, 0.657, 0.659, 0.650, 0.660, 0.662, 0.659, 0.668, 0.661, 0.670, 0.659, 0.665, 0.673, 0.650, 0.666, 0.657, 0.660, 0.655, 0.669, 0.657, 0.653, 0.665, 0.654, 0.653, 0.652, 0.655, 0.653, 0.649, 0.661, 0.669, 0.666, 0.655, 0.651, 0.650, 0.664, 0.656, 0.673, 0.669, 0.662, 0.662, 0.673, 0.653, 0.655, 0.672, 0.673, 0.658, 0.666, 0.665, 0.661, 0.649, 0.665, 0.667, 0.660, 0.660, 0.653, 0.669, 0.659, 0.653, 0.672, 0.660, 0.656, 0.657, 0.654, 0.663, 0.661, 0.658, 0.664, 0.666, 0.647, 0.670, 0.655, 0.663, 0.657, 0.654, 0.656, 0.651, 0.665, 0.660, 0.666, 0.667, 0.658, 0.658, 0.659, 0.655, 0.669, 0.650, 0.661, 0.655, 0.664, 0.658, 0.660, 0.658, 0.656, 0.660, 0.660, 0.667, 0.663, 0.663, 0.652, 0.657, 0.656, 0.650, 0.662, 0.652, 0.657, 0.666, 0.670, 0.664, 0.658, 0.658, 0.654, 0.664, 0.660, 0.661, 0.659, 0.673, 0.651, 0.661, 0.661, 0.659, 0.665, 0.657, 0.654, 0.651, 0.655]
Desviacion standard = 0.0062 accuracy = 0.6586

Daisy (L2 SQRT) - BOVW (L2 SQRT)
accuracy_list 
0.704, 0.703, 0.697, 0.708, 0.704, 0.693, 0.690, 0.702, 0.696, 0.704, 0.701, 0.706, 0.707, 0.698, 0.694, 0.695, 0.705, 0.710, 0.700, 0.695, 0.703, 0.710, 0.685, 0.712, 0.696, 0.704, 0.704, 0.699, 0.700, 0.702, 0.704, 0.701, 0.698, 0.695, 0.702, 0.703, 0.710, 0.704, 0.707, 0.708, 0.693, 0.696, 0.698, 0.712, 0.688, 0.693, 0.705, 0.692, 0.697, 0.704, 0.705, 0.704, 0.685, 0.688, 0.705, 0.699, 0.696, 0.699, 0.699, 0.705, 0.705, 0.690, 0.701, 0.708, 0.704, 0.705, 0.702, 0.698, 0.688, 0.704, 0.709, 0.710, 0.693, 0.709, 0.706, 0.699, 0.702, 0.708, 0.692, 0.708, 0.704, 0.706, 0.694, 0.696, 0.699, 0.696, 0.695, 0.698, 0.698, 0.708, 0.701, 0.703, 0.698, 0.699, 0.696, 0.704, 0.689, 0.702, 0.703, 0.694, 0.707, 0.704, 0.710, 0.702, 0.704, 0.705, 0.710, 0.693, 0.709, 0.696, 0.700, 0.700, 0.706, 0.696, 0.705, 0.698, 0.681, 0.711, 0.697, 0.695, 0.698, 0.708, 0.710, 0.690, 0.698, 0.698, 0.708, 0.682, 0.696, 0.692, 0.699, 0.705, 0.702, 0.703, 0.709, 0.705, 0.697, 0.708, 0.706, 0.693, 0.702, 0.704, 0.690, 0.711, 0.701, 0.701, 0.702, 0.706, 0.695, 0.698, 0.702, 0.697, 0.712, 0.693, 0.700, 0.701, 0.697, 0.695, 0.683, 0.701, 0.710, 0.696, 0.696, 0.703, 0.703, 0.701, 0.689, 0.706, 0.704, 0.706, 0.704, 0.711, 0.702, 0.699, 0.705, 0.690, 0.704, 0.700, 0.702, 0.696, 0.686, 0.690, 0.699, 0.686, 0.686, 0.689, 0.691, 0.704, 0.695, 0.707, 0.710, 0.710, 0.703, 0.716, 0.703, 0.711, 0.707, 0.708, 0.693, 0.691, media accuracy = 0.7013
Desviacion standard = 0.0067 accuracy = 0.7013
