Intersection Kernel
Accuracy params
(2048, 2) --> [0.6533333333333333, 0.6433333333333333, 0.6733333333333333, 0.6766666666666666, 0.68]
(2, 8) --> [0.6533333333333333, 0.6433333333333333, 0.6733333333333333, 0.6766666666666666, 0.68]
(8, 0.001953125) --> [0.6533333333333333, 0.6433333333333333, 0.6733333333333333, 0.6766666666666666, 0.68]
(0.5, 3.0517578125e-05) --> [0.6533333333333333, 0.6466666666666666, 0.6733333333333333, 0.68, 0.6833333333333333]
(32, 0.00048828125) --> [0.6533333333333333, 0.6433333333333333, 0.6733333333333333, 0.6766666666666666, 0.68]
(512, 0.03125) --> [0.6533333333333333, 0.6433333333333333, 0.6733333333333333, 0.6766666666666666, 0.68]
(8192, 0.125) --> [0.6533333333333333, 0.6433333333333333, 0.6733333333333333, 0.6766666666666666, 0.68]
(0.125, 0.03125) --> [0.6433333333333333, 0.66, 0.6966666666666667, 0.68, 0.69]
(0.5, 0.001953125) --> [0.6533333333333333, 0.6466666666666666, 0.6733333333333333, 0.68, 0.6833333333333333]
(32768, 3.0517578125e-05) --> [0.6533333333333333, 0.6433333333333333, 0.6733333333333333, 0.6766666666666666, 0.68]
(2, 0.0078125) --> [0.6533333333333333, 0.6433333333333333, 0.6733333333333333, 0.6766666666666666, 0.68]
(32, 2) --> [0.6533333333333333, 0.6433333333333333, 0.6733333333333333, 0.6766666666666666, 0.68]
(0.03125, 0.00048828125) --> [0.6266666666666667, 0.6266666666666667, 0.68, 0.64, 0.6333333333333333]
(0.125, 8) --> [0.6433333333333333, 0.66, 0.6966666666666667, 0.68, 0.69]
(2048, 0.0078125) --> [0.6533333333333333, 0.6433333333333333, 0.6733333333333333, 0.6766666666666666, 0.68]
(8192, 0.03125) --> [0.6533333333333333, 0.6433333333333333, 0.6733333333333333, 0.6766666666666666, 0.68]
(8192, 3.0517578125e-05) --> [0.6533333333333333, 0.6433333333333333, 0.6733333333333333, 0.6766666666666666, 0.68]
(8, 0.0078125) --> [0.6533333333333333, 0.6433333333333333, 0.6733333333333333, 0.6766666666666666, 0.68]
(0.125, 0.0078125) --> [0.6433333333333333, 0.66, 0.6966666666666667, 0.68, 0.69]
(8192, 8) --> [0.6533333333333333, 0.6433333333333333, 0.6733333333333333, 0.6766666666666666, 0.68]
(0.125, 0.00048828125) --> [0.6433333333333333, 0.66, 0.6966666666666667, 0.68, 0.69]
(32, 0.5) --> [0.6533333333333333, 0.6433333333333333, 0.6733333333333333, 0.6766666666666666, 0.68]
(0.5, 0.5) --> [0.6533333333333333, 0.6466666666666666, 0.6733333333333333, 0.68, 0.6833333333333333]
(8192, 0.5) --> [0.6533333333333333, 0.6433333333333333, 0.6733333333333333, 0.6766666666666666, 0.68]
(128, 0.00048828125) --> [0.6533333333333333, 0.6433333333333333, 0.6733333333333333, 0.6766666666666666, 0.68]
(512, 3.0517578125e-05) --> [0.6533333333333333, 0.6433333333333333, 0.6733333333333333, 0.6766666666666666, 0.68]
(8, 2) --> [0.6533333333333333, 0.6433333333333333, 0.6733333333333333, 0.6766666666666666, 0.68]
(8192, 0.0078125) --> [0.6533333333333333, 0.6433333333333333, 0.6733333333333333, 0.6766666666666666, 0.68]
(2048, 0.03125) --> [0.6533333333333333, 0.6433333333333333, 0.6733333333333333, 0.6766666666666666, 0.68]
(8, 0.5) --> [0.6533333333333333, 0.6433333333333333, 0.6733333333333333, 0.6766666666666666, 0.68]
(0.03125, 0.0078125) --> [0.6266666666666667, 0.6266666666666667, 0.68, 0.64, 0.6333333333333333]
(0.125, 3.0517578125e-05) --> [0.6433333333333333, 0.66, 0.6966666666666667, 0.68, 0.69]
(32, 0.001953125) --> [0.6533333333333333, 0.6433333333333333, 0.6733333333333333, 0.6766666666666666, 0.68]
(2, 0.5) --> [0.6533333333333333, 0.6433333333333333, 0.6733333333333333, 0.6766666666666666, 0.68]
(128, 0.03125) --> [0.6533333333333333, 0.6433333333333333, 0.6733333333333333, 0.6766666666666666, 0.68]
(128, 8) --> [0.6533333333333333, 0.6433333333333333, 0.6733333333333333, 0.6766666666666666, 0.68]
(32768, 0.00048828125) --> [0.6533333333333333, 0.6433333333333333, 0.6733333333333333, 0.6766666666666666, 0.68]
(32, 3.0517578125e-05) --> [0.6533333333333333, 0.6433333333333333, 0.6733333333333333, 0.6766666666666666, 0.68]
(32768, 0.03125) --> [0.6533333333333333, 0.6433333333333333, 0.6733333333333333, 0.6766666666666666, 0.68]
(0.5, 0.0078125) --> [0.6533333333333333, 0.6466666666666666, 0.6733333333333333, 0.68, 0.6833333333333333]
(512, 8) --> [0.6533333333333333, 0.6433333333333333, 0.6733333333333333, 0.6766666666666666, 0.68]
(8, 3.0517578125e-05) --> [0.6533333333333333, 0.6433333333333333, 0.6733333333333333, 0.6766666666666666, 0.68]
(32768, 8) --> [0.6533333333333333, 0.6433333333333333, 0.6733333333333333, 0.6766666666666666, 0.68]
(8192, 0.00048828125) --> [0.6533333333333333, 0.6433333333333333, 0.6733333333333333, 0.6766666666666666, 0.68]
(0.03125, 0.001953125) --> [0.6266666666666667, 0.6266666666666667, 0.68, 0.64, 0.6333333333333333]
(32768, 0.001953125) --> [0.6533333333333333, 0.6433333333333333, 0.6733333333333333, 0.6766666666666666, 0.68]
(0.125, 0.125) --> [0.6433333333333333, 0.66, 0.6966666666666667, 0.68, 0.69]
(32, 0.03125) --> [0.6533333333333333, 0.6433333333333333, 0.6733333333333333, 0.6766666666666666, 0.68]
(0.5, 8) --> [0.6533333333333333, 0.6466666666666666, 0.6733333333333333, 0.68, 0.6833333333333333]
(0.5, 0.00048828125) --> [0.6533333333333333, 0.6466666666666666, 0.6733333333333333, 0.68, 0.6833333333333333]
(0.03125, 0.5) --> [0.6266666666666667, 0.6266666666666667, 0.68, 0.64, 0.6333333333333333]
(128, 2) --> [0.6533333333333333, 0.6433333333333333, 0.6733333333333333, 0.6766666666666666, 0.68]
(512, 0.5) --> [0.6533333333333333, 0.6433333333333333, 0.6733333333333333, 0.6766666666666666, 0.68]
(2, 0.001953125) --> [0.6533333333333333, 0.6433333333333333, 0.6733333333333333, 0.6766666666666666, 0.68]
(128, 0.5) --> [0.6533333333333333, 0.6433333333333333, 0.6733333333333333, 0.6766666666666666, 0.68]
(2, 0.03125) --> [0.6533333333333333, 0.6433333333333333, 0.6733333333333333, 0.6766666666666666, 0.68]
(128, 0.001953125) --> [0.6533333333333333, 0.6433333333333333, 0.6733333333333333, 0.6766666666666666, 0.68]
(2048, 0.5) --> [0.6533333333333333, 0.6433333333333333, 0.6733333333333333, 0.6766666666666666, 0.68]
(128, 3.0517578125e-05) --> [0.6533333333333333, 0.6433333333333333, 0.6733333333333333, 0.6766666666666666, 0.68]
(0.03125, 0.03125) --> [0.6266666666666667, 0.6266666666666667, 0.68, 0.64, 0.6333333333333333]
(128, 0.0078125) --> [0.6533333333333333, 0.6433333333333333, 0.6733333333333333, 0.6766666666666666, 0.68]
(8192, 2) --> [0.6533333333333333, 0.6433333333333333, 0.6733333333333333, 0.6766666666666666, 0.68]
(0.5, 2) --> [0.6533333333333333, 0.6466666666666666, 0.6733333333333333, 0.68, 0.6833333333333333]
(2, 0.125) --> [0.6533333333333333, 0.6433333333333333, 0.6733333333333333, 0.6766666666666666, 0.68]
(512, 0.00048828125) --> [0.6533333333333333, 0.6433333333333333, 0.6733333333333333, 0.6766666666666666, 0.68]
(32768, 0.5) --> [0.6533333333333333, 0.6433333333333333, 0.6733333333333333, 0.6766666666666666, 0.68]
(0.125, 0.001953125) --> [0.6433333333333333, 0.66, 0.6966666666666667, 0.68, 0.69]
(8, 0.03125) --> [0.6533333333333333, 0.6433333333333333, 0.6733333333333333, 0.6766666666666666, 0.68]
(512, 0.0078125) --> [0.6533333333333333, 0.6433333333333333, 0.6733333333333333, 0.6766666666666666, 0.68]
(2048, 0.125) --> [0.6533333333333333, 0.6433333333333333, 0.6733333333333333, 0.6766666666666666, 0.68]
(2, 2) --> [0.6533333333333333, 0.6433333333333333, 0.6733333333333333, 0.6766666666666666, 0.68]
(32768, 0.125) --> [0.6533333333333333, 0.6433333333333333, 0.6733333333333333, 0.6766666666666666, 0.68]
(0.125, 0.5) --> [0.6433333333333333, 0.66, 0.6966666666666667, 0.68, 0.69]
(512, 0.001953125) --> [0.6533333333333333, 0.6433333333333333, 0.6733333333333333, 0.6766666666666666, 0.68]
(2048, 0.00048828125) --> [0.6533333333333333, 0.6433333333333333, 0.6733333333333333, 0.6766666666666666, 0.68]
(32768, 2) --> [0.6533333333333333, 0.6433333333333333, 0.6733333333333333, 0.6766666666666666, 0.68]
(2048, 0.001953125) --> [0.6533333333333333, 0.6433333333333333, 0.6733333333333333, 0.6766666666666666, 0.68]
(8192, 0.001953125) --> [0.6533333333333333, 0.6433333333333333, 0.6733333333333333, 0.6766666666666666, 0.68]
(128, 0.125) --> [0.6533333333333333, 0.6433333333333333, 0.6733333333333333, 0.6766666666666666, 0.68]
(0.03125, 8) --> [0.6266666666666667, 0.6266666666666667, 0.68, 0.64, 0.6333333333333333]
(32, 0.125) --> [0.6533333333333333, 0.6433333333333333, 0.6733333333333333, 0.6766666666666666, 0.68]
(8, 0.125) --> [0.6533333333333333, 0.6433333333333333, 0.6733333333333333, 0.6766666666666666, 0.68]
(512, 0.125) --> [0.6533333333333333, 0.6433333333333333, 0.6733333333333333, 0.6766666666666666, 0.68]
(2048, 8) --> [0.6533333333333333, 0.6433333333333333, 0.6733333333333333, 0.6766666666666666, 0.68]
(8, 0.00048828125) --> [0.6533333333333333, 0.6433333333333333, 0.6733333333333333, 0.6766666666666666, 0.68]
(32, 0.0078125) --> [0.6533333333333333, 0.6433333333333333, 0.6733333333333333, 0.6766666666666666, 0.68]
(0.03125, 2) --> [0.6266666666666667, 0.6266666666666667, 0.68, 0.64, 0.6333333333333333]
(0.5, 0.125) --> [0.6533333333333333, 0.6466666666666666, 0.6733333333333333, 0.68, 0.6833333333333333]
(0.03125, 3.0517578125e-05) --> [0.6266666666666667, 0.6266666666666667, 0.68, 0.64, 0.6333333333333333]
(0.03125, 0.125) --> [0.6266666666666667, 0.6266666666666667, 0.68, 0.64, 0.6333333333333333]
(32768, 0.0078125) --> [0.6533333333333333, 0.6433333333333333, 0.6733333333333333, 0.6766666666666666, 0.68]
(2048, 3.0517578125e-05) --> [0.6533333333333333, 0.6433333333333333, 0.6733333333333333, 0.6766666666666666, 0.68]
(512, 2) --> [0.6533333333333333, 0.6433333333333333, 0.6733333333333333, 0.6766666666666666, 0.68]
(2, 3.0517578125e-05) --> [0.6533333333333333, 0.6433333333333333, 0.6733333333333333, 0.6766666666666666, 0.68]
(8, 8) --> [0.6533333333333333, 0.6433333333333333, 0.6733333333333333, 0.6766666666666666, 0.68]
(2, 0.00048828125) --> [0.6533333333333333, 0.6433333333333333, 0.6733333333333333, 0.6766666666666666, 0.68]
(32, 8) --> [0.6533333333333333, 0.6433333333333333, 0.6733333333333333, 0.6766666666666666, 0.68]
(0.5, 0.03125) --> [0.6533333333333333, 0.6466666666666666, 0.6733333333333333, 0.68, 0.6833333333333333]
(0.125, 2) --> [0.6433333333333333, 0.66, 0.6966666666666667, 0.68, 0.69]
List Median
0.67333, 0.67333, 0.67333, 0.67333, 0.67333, 0.67333, 0.67333, 0.68000, 0.67333, 0.67333, 0.67333, 0.67333, 0.63333, 0.68000, 0.67333, 0.67333, 0.67333, 0.67333, 0.68000, 0.67333, 0.68000, 0.67333, 0.67333, 0.67333, 0.67333, 0.67333, 0.67333, 0.67333, 0.67333, 0.67333, 0.63333, 0.68000, 0.67333, 0.67333, 0.67333, 0.67333, 0.67333, 0.67333, 0.67333, 0.67333, 0.67333, 0.67333, 0.67333, 0.67333, 0.63333, 0.67333, 0.68000, 0.67333, 0.67333, 0.67333, 0.63333, 0.67333, 0.67333, 0.67333, 0.67333, 0.67333, 0.67333, 0.67333, 0.67333, 0.63333, 0.67333, 0.67333, 0.67333, 0.67333, 0.67333, 0.67333, 0.68000, 0.67333, 0.67333, 0.67333, 0.67333, 0.67333, 0.68000, 0.67333, 0.67333, 0.67333, 0.67333, 0.67333, 0.67333, 0.63333, 0.67333, 0.67333, 0.67333, 0.67333, 0.67333, 0.67333, 0.63333, 0.67333, 0.63333, 0.63333, 0.67333, 0.67333, 0.67333, 0.67333, 0.67333, 0.67333, 0.67333, 0.67333, 0.68000, List Sdev
0.01439, 0.01439, 0.01439, 0.01467, 0.01439, 0.01439, 0.01439, 0.01971, 0.01467, 0.01439, 0.01439, 0.01439, 0.01996, 0.01971, 0.01439, 0.01439, 0.01439, 0.01439, 0.01971, 0.01439, 0.01971, 0.01439, 0.01467, 0.01439, 0.01439, 0.01439, 0.01439, 0.01439, 0.01439, 0.01439, 0.01996, 0.01971, 0.01439, 0.01439, 0.01439, 0.01439, 0.01439, 0.01439, 0.01439, 0.01467, 0.01439, 0.01439, 0.01439, 0.01439, 0.01996, 0.01439, 0.01971, 0.01439, 0.01467, 0.01467, 0.01996, 0.01439, 0.01439, 0.01439, 0.01439, 0.01439, 0.01439, 0.01439, 0.01439, 0.01996, 0.01439, 0.01439, 0.01467, 0.01439, 0.01439, 0.01439, 0.01971, 0.01439, 0.01439, 0.01439, 0.01439, 0.01439, 0.01971, 0.01439, 0.01439, 0.01439, 0.01439, 0.01439, 0.01439, 0.01996, 0.01439, 0.01439, 0.01439, 0.01439, 0.01439, 0.01439, 0.01996, 0.01467, 0.01996, 0.01996, 0.01439, 0.01439, 0.01439, 0.01439, 0.01439, 0.01439, 0.01439, 0.01467, 0.01971, 
